"","CarbonTaxLevel","CarbonTaxRevenue","CarbonTaxDeltaCarbon","CarbonTaxDeltaDD"
"1",0.01,0.0278357951145692,-0.0790808630012805,-0.000048437059905676
"2",0.02,0.0556700086585998,-0.158159389928457,-0.0000968729336459084
"3",0.03,0.0835026407021802,-0.237235580579508,-0.000145307621344876
"4",0.04,0.111333691315407,-0.316309434755098,-0.000193741123148794
"5",0.05,0.139163160568383,-0.395380952251656,-0.00024217343922614
"6",0.06,0.166991048531223,-0.474450132870672,-0.000290604569653297
"7",0.07,0.194817355274046,-0.553516976410819,-0.00033903451456721
"8",0.08,0.22264208086698,-0.632581482667121,-0.000387463274201527
"9",0.09,0.250465225380163,-0.711643651439829,-0.000435890848574538
"10",0.1,0.278286788883739,-0.790703482529409,-0.000484317237874982
"11",0.11,0.306106771447861,-0.869760975729889,-0.000532742442125478
"12",0.12,0.333925173142689,-0.94881613084209,-0.000581166461738891
"13",0.13,0.361741994038393,-1.02786894766942,-0.000629589296570504
"14",0.14,0.389557234205149,-1.10691942599914,-0.00067801094701514
"15",0.15,0.417370893713143,-1.1859675656371,-0.000726431412846396
"16",0.16,0.445182972632566,-1.26501336638353,-0.00077485069451283
"17",0.17,0.472993471033622,-1.34405682802736,-0.000823268792065068
"18",0.18,0.500802388986517,-1.42309795038385,-0.000871685705633257
"19",0.19,0.528609726561471,-1.50213673323259,-0.000920101435220921
"20",0.2,0.55641548382871,-1.58117317636898,-0.000968515981090851
"21",0.21,0.584219660858464,-1.66020727961356,-0.00101692934375899
"22",0.22,0.612022257720979,-1.73923904274075,-0.00106534152233928
"23",0.23,0.639823274486503,-1.81826846555836,-0.00111375251814122
"24",0.24,0.667622711225295,-1.89729554785755,-0.00116216233087646
"25",0.25,0.69542056800762,-1.97632028944101,-0.00121057095998628
"26",0.26,0.723216844903745,-2.05534269013124,-0.00125897840697375
"27",0.27,0.751011541983971,-2.13436274965851,-0.00130738467083857
"28",0.28,0.778804659318561,-2.21338046791675,-0.00135578975160708
"29",0.29,0.806596196977838,-2.2923958446176,-0.00140419365063268
"30",0.3,0.834386155032105,-2.37140887956924,-0.00145259636685605
"31",0.31,0.862174533551662,-2.45041957262309,-0.00150099790075389
"32",0.32,0.889961332606855,-2.52942792349928,-0.00154939825332298
"33",0.33,0.917746552267995,-2.60843393205742,-0.00159779742320829
"34",0.34,0.945530192605408,-2.68743759813184,-0.00164619541133992
"35",0.35,0.973312253689491,-2.76643892137527,-0.0016945922189853
"36",0.36,1.00109273559055,-2.84543790171708,-0.0017429878446909
"37",0.37,1.02887163837898,-2.92443453888977,-0.0017913822879945
"38",0.38,1.05664896212514,-3.00342883271641,-0.00183977555122231
"39",0.39,1.08442470689938,-3.08242078303851,-0.00188816763195629
"40",0.4,1.11219887277218,-3.16141038947276,-0.00193655853289729
"41",0.41,1.13997145981381,-3.24039765209757,-0.00198494825224352
"42",0.42,1.16774246809479,-3.31938257042351,-0.00203333679204293
"43",0.43,1.19551189768546,-3.39836514443999,-0.00208172415086244
"44",0.44,1.22327974865625,-3.47734537390592,-0.00213011032996088
"45",0.45,1.25104602107761,-3.55632325856384,-0.00217849532747502
"46",0.46,1.27881071502,-3.63529879818371,-0.00222687914563269
"47",0.47,1.3065738305538,-3.7142719926912,-0.00227526178255799
"48",0.48,1.33433536774953,-3.79324284172317,-0.00232364324293735
"49",0.49,1.3620953266776,-3.87221134523385,-0.00237202352028126
"50",0.5,1.38985370740849,-3.95117750294568,-0.00242040261926971
"51",0.51,1.41761051001263,-4.03014131475481,-0.00246878053908828
"52",0.52,1.44536573456066,-4.10910278018272,-0.00251715728047902
"53",0.53,1.47311938112298,-4.18806189920778,-0.00256553284103386
"54",0.54,1.50087144977006,-4.2670186716621,-0.00261390722447288
"55",0.55,1.52862194057246,-4.34597309727287,-0.00266228042922453
"56",0.56,1.55637085360064,-4.42492517591575,-0.00271065245132923
"57",0.57,1.58411818892518,-4.50387490732854,-0.00275902329978364
"58",0.58,1.6118639466166,-4.58282229129264,-0.00280739296789384
"59",0.59,1.63960812674546,-4.66176732761086,-0.00285576145675867
"60",0.6,1.66735072938229,-4.74071001609599,-0.00290412876942947
"61",0.61,1.69509175459773,-4.81965035643087,-0.00295249490333657
"62",0.62,1.72283120246218,-4.89858834865638,-0.00300085985939624
"63",0.63,1.75056907304633,-4.97752399241801,-0.00304922363896368
"64",0.64,1.7783053664207,-5.05645728757818,-0.0030975862385102
"65",0.65,1.80604008265599,-5.13538823378906,-0.00314594766207812
"66",0.66,1.83377322182284,-5.21431683076145,-0.0031943079082693
"67",0.67,1.86150478399157,-5.29324307877417,-0.00324266697740905
"68",0.68,1.88923476923323,-5.37216697693752,-0.00329102486963653
"69",0.69,1.91696317761809,-5.4510885255835,-0.00333938158511682
"70",0.7,1.94469000921679,-5.53000772450626,-0.0033877371254043
"71",0.71,1.97241526410021,-5.60892457314378,-0.00343609148594606
"72",0.72,2.00013894233889,-5.68783907146253,-0.00348444467470055
"73",0.73,2.02786104400335,-5.76675121944149,-0.00353279668131148
"74",0.74,2.05558156916446,-5.84566101660032,-0.00358114751498451
"75",0.75,2.0833005178928,-5.92456846284786,-0.00362949717572178
"76",0.76,2.11101789025911,-6.00347355793409,-0.00367784565758547
"77",0.77,2.13873368633387,-6.08237630190736,-0.00372619296378904
"78",0.78,2.16644790618814,-6.16127669409636,-0.00377453909280043
"79",0.79,2.19416054989248,-6.24017473450583,-0.00382288404650119
"80",0.8,2.22187161751746,-6.31907042309997,-0.0038712278300862
"81",0.81,2.24958110913381,-6.39796375965561,-0.00391957043707386
"82",0.82,2.2772890248125,-6.47685474370226,-0.00396791186941486
"83",0.83,2.30499536462417,-6.55574337513995,-0.0040162521251135
"84",0.84,2.33270012863955,-6.63462965379149,-0.00406459120623781
"85",0.85,2.36040331692938,-6.71351357947036,-0.00411292911054897
"86",0.86,2.38810492956412,-6.79239515234212,-0.00416126584014326
"87",0.87,2.4158049666152,-6.8712743714126,-0.00420960140261201
"88",0.88,2.44350342815325,-6.95015123668584,-0.00425793578443401
"89",0.89,2.47120031424849,-7.02902574858719,-0.00430626899662401
"90",0.9,2.49889562497211,-7.10789790646912,-0.00435460103292296
"91",0.91,2.52658936039491,-7.18676771013122,-0.00440293189779531
"92",0.92,2.55428152058776,-7.26563515931603,-0.00445126158723419
"93",0.93,2.58197210562158,-7.34450025370521,-0.00449959010598325
"94",0.94,2.60966111556674,-7.42336299360399,-0.00454791745353467
"95",0.95,2.63734855049461,-7.50222337822879,-0.00459624362133276
"96",0.96,2.66503441047603,-7.58108140738652,-0.00464456861046084
"97",0.97,2.69271869558112,-7.65993708165394,-0.00469289244008375
"98",0.98,2.7204014058817,-7.73879039981387,-0.00474121508593076
"99",0.99,2.74808254144819,-7.8176413621551,-0.00478953657049919
"100",1,2.77576210235117,-7.89648996874705,-0.00483785688688165
"101",1.01,2.8034400886621,-7.97533621883153,-0.00488617601868499
"102",1.02,2.83111650045147,-8.05418011259715,-0.00493449398539206
"103",1.03,2.85879133779038,-8.13302164965064,-0.00498281077337845
"104",1.04,2.88646460075039,-8.21186082915825,-0.00503112640321718
"105",1.05,2.91413628940095,-8.29069765234631,-0.00507944085082465
"106",1.06,2.9418064033355,-8.36953256944598,-0.00512775333209817
"107",1.07,2.9694749435591,-8.44836469459358,-0.00517606540907764
"108",1.08,2.99714190968603,-8.52719446248909,-0.00522437631422049
"109",1.09,3.02480730178722,-8.60602187293351,-0.0052726860476531
"110",1.1,3.05247111993361,-8.68484692572936,-0.00532099460953692
"111",1.11,3.08013336419616,-8.76366962067756,-0.00536930199999039
"112",1.12,3.10779403464582,-8.84248995757936,-0.00541760821915449
"113",1.13,3.13545313135356,-8.92130793623714,-0.00546591326715495
"114",1.14,3.16311065439035,-9.00012355645102,-0.00551421714416617
"115",1.15,3.19076660382718,-9.07893681802278,-0.00556251985027659
"116",1.16,3.21842097973503,-9.15774772075467,-0.00561082138563995
"117",1.17,3.2460737821849,-9.23655626444801,-0.00565912175039979
"118",1.18,3.2737250112478,-9.31536244890448,-0.00570742094469839
"119",1.19,3.30137466699473,-9.39416627392569,-0.00575571896865476
"120",1.2,3.32902274949673,-9.47296773931332,-0.0058040158224123
"121",1.21,3.35666925882481,-9.55176684486798,-0.00585231150610266
"122",1.22,3.38431419505002,-9.63056359039204,-0.00590060601986789
"123",1.23,3.41195755824341,-9.70935797568728,-0.00594889936385926
"124",1.24,3.43959934847601,-9.7881500005561,-0.00599719153818978
"125",1.25,3.4672395658189,-9.86693966479871,-0.00604548254299578
"126",1.26,3.49487821034314,-9.945726968218,-0.00609377237844194
"127",1.27,3.52251528211982,-10.0245119106163,-0.0061420610446298
"128",1.28,3.55015078122,-10.1032944917931,-0.00619034854170519
"129",1.29,3.57778470771479,-10.1820747115528,-0.00623863486983203
"130",1.3,3.60541706167529,-10.2608525696955,-0.0062869200291194
"131",1.31,3.6330478431726,-10.3396280660234,-0.00633520401970192
"132",1.32,3.66067705227785,-10.4184012003403,-0.00638348684172127
"133",1.33,3.68830468906214,-10.4971719724444,-0.00643176849531121
"134",1.34,3.71593075359662,-10.5759403821409,-0.00648004898063825
"135",1.35,3.74355524595243,-10.6547064292299,-0.00652832829779887
"136",1.36,3.77117816620071,-10.7334701135144,-0.00657660644695796
"137",1.37,3.79879951441262,-10.8122314347959,-0.00662488342823139
"138",1.38,3.82641929065932,-10.8909903928776,-0.00667315924177742
"139",1.39,3.85403749501198,-10.9697469875587,-0.00672143388770091
"140",1.4,3.88165412754179,-11.0485012186443,-0.00676970736617682
"141",1.41,3.90926918831992,-11.1272530859348,-0.00681797967731029
"142",1.42,3.93688267741757,-11.2060025892334,-0.00686625082125603
"143",1.43,3.96449459490596,-11.2847497283413,-0.00691452079815677
"144",1.44,3.99210494085628,-11.3634945030602,-0.00696278960813557
"145",1.45,4.01971371533975,-11.4422369131939,-0.00701105725132606
"146",1.46,4.04732091842761,-11.5209769585439,-0.00705932372787185
"147",1.47,4.07492655019108,-11.5997146389121,-0.00710758903791198
"148",1.48,4.10253061070141,-11.6784499541004,-0.00715585318159231
"149",1.49,4.13013310002985,-11.7571829039121,-0.00720411615902256
"150",1.5,4.15773401824766,-11.8359134881488,-0.00725237797036912
"151",1.51,4.18533336542609,-11.9146417066131,-0.00730063861574229
"152",1.52,4.21293114163644,-11.9933675591073,-0.007348898095319
"153",1.53,4.24052734694996,-12.0720910454339,-0.00739715640917901
"154",1.54,4.26812198143797,-12.1508121653946,-0.00744541355749728
"155",1.55,4.29571504517175,-12.2295309187916,-0.00749366954041827
"156",1.56,4.32330653822261,-12.3082473054294,-0.00754192435806633
"157",1.57,4.35089646066185,-12.3869613251079,-0.00759017801056924
"158",1.58,4.37848481256082,-12.4656729776319,-0.00763843049806792
"159",1.59,4.40607159399082,-12.544382262802,-0.00768668182070467
"160",1.6,4.4336568050232,-12.6230891804212,-0.00773493197861902
"161",1.61,4.4612404457293,-12.7017937302924,-0.00778318097194078
"162",1.62,4.48882251618048,-12.7804959122189,-0.00783142880082138
"163",1.63,4.51640301644809,-12.8591957259998,-0.00787967546538917
"164",1.64,4.5439819466035,-12.9378931714425,-0.00792792096577241
"165",1.65,4.5715593067181,-13.0165882483476,-0.00797616530211298
"166",1.66,4.59913509686325,-13.0952809565163,-0.00802440847456001
"167",1.67,4.62670931711036,-13.1739712957534,-0.00807265048324526
"168",1.68,4.65428196753082,-13.2526592658598,-0.00812089132830429
"169",1.69,4.68185304819604,-13.3313448666404,-0.008169131009861
"170",1.7,4.70942255917744,-13.4100280978962,-0.00821736952806901
"171",1.71,4.73699050054644,-13.4887089594302,-0.00826560688306538
"172",1.72,4.76455687237446,-13.5673874510449,-0.00831384307498639
"173",1.73,4.79212167473296,-13.6460635725439,-0.00836207810396691
"174",1.74,4.81968490769337,-13.7247373237307,-0.00841031197014228
"175",1.75,4.84724657132715,-13.8034087044064,-0.00845854467365201
"176",1.76,4.87480666570576,-13.8820777143746,-0.00850677621463777
"177",1.77,4.90236519090067,-13.9607443534385,-0.00855500659322347
"178",1.78,4.92992214698336,-14.0394086214009,-0.00860323580957428
"179",1.79,4.95747753402532,-14.1180705180647,-0.00865146386380705
"180",1.8,4.98503135209804,-14.1967300432327,-0.00869969075605231
"181",1.81,5.01258360127301,-14.2753871967078,-0.008747916486461
"182",1.82,5.04013428162176,-14.354041978293,-0.00879614105516244
"183",1.83,5.06768339321579,-14.4326943877921,-0.00884436446230277
"184",1.84,5.09523093612664,-14.5113444250072,-0.00889258670802309
"185",1.85,5.12277691042583,-14.589992089742,-0.00894080779245693
"186",1.86,5.15032131618491,-14.6686373817987,-0.00898902771571672
"187",1.87,5.17786415347542,-14.7472803009818,-0.00903724647798268
"188",1.88,5.20540542236891,-14.8259208470932,-0.00908546407937064
"189",1.89,5.23294512293697,-14.9045590199372,-0.00913368052001814
"190",1.9,5.26048325525115,-14.9831948193156,-0.00918189580006648
"191",1.91,5.28801981938304,-15.0618282450325,-0.00923010991965451
"192",1.92,5.31555481540422,-15.1404592968909,-0.00927832287891295
"193",1.93,5.34308824338628,-15.2190879746945,-0.00932653467798669
"194",1.94,5.37062010340085,-15.2977142782464,-0.00937474531701146
"195",1.95,5.39815039551951,-15.3763382073493,-0.00942295479612765
"196",1.96,5.4256791198139,-15.4549597618074,-0.00947116311544965
"197",1.97,5.45320627635564,-15.5335789414235,-0.0095193702751612
"198",1.98,5.48073186521636,-15.6121957460009,-0.00956757627536522
"199",1.99,5.50825588646771,-15.6908101753425,-0.00961578111621264
"200",2,5.53577834018133,-15.7694222292531,-0.00966398479783306
"201",2.01,5.56329922642889,-15.848031907536,-0.00971218732037477
"202",2.02,5.59081854528205,-15.9266392099927,-0.00976038868396892
"203",2.03,5.61833629681248,-16.0052441364296,-0.0098085888887631
"204",2.04,5.64585248109188,-16.0838466866477,-0.00985678793488823
"205",2.05,5.67336709819191,-16.1624468604511,-0.00990498582246335
"206",2.06,5.70088014818429,-16.2410446576443,-0.00995318255165933
"207",2.07,5.72839163114071,-16.3196400780303,-0.0100013781225973
"208",2.08,5.7559015471329,-16.3982331214123,-0.0100495725354131
"209",2.09,5.78340989623256,-16.4768237875952,-0.0100977657902536
"210",2.1,5.81091667851143,-16.5554120763812,-0.0101459578872589
"211",2.11,5.83842189404125,-16.6339979875748,-0.0101941488265591
"212",2.12,5.86592554289375,-16.7125815209797,-0.0102423386082833
"213",2.13,5.8934276251407,-16.791162676399,-0.010290527232598
"214",2.14,5.92092814085384,-16.8697414536368,-0.0103387146996139
"215",2.15,5.94842709010496,-16.9483178524964,-0.010386901009489
"216",2.16,5.97592447296582,-17.0268918727815,-0.0104350861623361
"217",2.17,6.0034202895082,-17.1054635142977,-0.0104832701583203
"218",2.18,6.0309145398039,-17.1840327768473,-0.0105314529975828
"219",2.19,6.05840722392471,-17.2625996602335,-0.0105796346802287
"220",2.2,6.08589834194245,-17.3411641642619,-0.0106278152064276
"221",2.21,6.11338789392892,-17.4197262887358,-0.0106759945762958
"222",2.22,6.14087587995594,-17.4982860334581,-0.0107241727899857
"223",2.23,6.16836230009536,-17.5768433982329,-0.0107723498476551
"224",2.24,6.195847154419,-17.6553983828657,-0.0108205257493983
"225",2.25,6.22333044299871,-17.7339509871591,-0.0108687004953819
"226",2.26,6.25081216590634,-17.8125012109179,-0.0109168740857276
"227",2.27,6.27829232321376,-17.8910490539457,-0.010965046520589
"228",2.28,6.30577091499283,-17.9695945160463,-0.0110132178000992
"229",2.29,6.33324794131543,-18.0481375970241,-0.0110613879243938
"230",2.3,6.36072340225344,-18.1266782966832,-0.0111095568936188
"231",2.31,6.38819729787876,-18.2052166148285,-0.01115772470792
"232",2.32,6.41566962826329,-18.283752551262,-0.0112058913674077
"233",2.33,6.44314039347892,-18.3622861057895,-0.0112540568722428
"234",2.34,6.47060959359759,-18.4408172782157,-0.0113022212225513
"235",2.35,6.4980772286912,-18.5193460683437,-0.0113503844184963
"236",2.36,6.5255432988317,-18.5978724759782,-0.0113985464601844
"237",2.37,6.55300780409102,-18.6763965009228,-0.0114467073477803
"238",2.38,6.58047074454111,-18.7549181429821,-0.0114948670814052
"239",2.39,6.60793212025392,-18.8334374019608,-0.0115430256612103
"240",2.4,6.63539193130142,-18.9119542776627,-0.0115911830873173
"241",2.41,6.66285017775556,-18.9904687698933,-0.011639339359881
"242",2.42,6.69030685968834,-19.0689808784553,-0.0116874944790443
"243",2.43,6.71776197717174,-19.1474906031548,-0.0117356484449272
"244",2.44,6.74521553027775,-19.2259979437944,-0.0117838012576716
"245",2.45,6.77266751907836,-19.3045029001802,-0.0118319529174287
"246",2.46,6.8001179436456,-19.3830054721151,-0.0118801034243358
"247",2.47,6.82756680405147,-19.4615056594052,-0.0119282527785237
"248",2.48,6.85501410036801,-19.5400034618536,-0.0119764009801353
"249",2.49,6.88245983266723,-19.618498879266,-0.0120245480293044
"250",2.5,6.90990400102118,-19.6969919114462,-0.0120726939261763
"251",2.51,6.93734660550192,-19.775482558199,-0.0121208386708982
"252",2.52,6.96478764618149,-19.853970819329,-0.0121689822636013
"253",2.53,6.99222712313196,-19.9324566946408,-0.0122171247044082
"254",2.54,7.01966503642539,-20.0109401839391,-0.0122652659934687
"255",2.55,7.04710138613387,-20.0894212870279,-0.012313406130935
"256",2.56,7.07453617232949,-20.1679000037131,-0.0123615451169338
"257",2.57,7.10196939508433,-20.2463763337989,-0.0124096829516053
"258",2.58,7.1294010544705,-20.3248502770903,-0.0124578196350969
"259",2.59,7.15683115056011,-20.4033218333916,-0.0125059551675425
"260",2.6,7.18425968342527,-20.4817910025071,-0.0125540895490614
"261",2.61,7.21168665313812,-20.5602577842427,-0.0126022227798254
"262",2.62,7.23911205977077,-20.638722178403,-0.0126503548599453
"263",2.63,7.26653590339539,-20.7171841847917,-0.0126984857896012
"264",2.64,7.2939581840841,-20.7956438032153,-0.0127466155688748
"265",2.65,7.32137890190907,-20.874101033478,-0.012794744197957
"266",2.66,7.34879805694246,-20.9525558753848,-0.0128428716769598
"267",2.67,7.37621564925645,-21.0310083287397,-0.012890998006019
"268",2.68,7.40363167892321,-21.1094583933492,-0.0129391231852838
"269",2.69,7.43104614601493,-21.1879060690177,-0.0129872472149131
"270",2.7,7.4584590506038,-21.26635135555,-0.0130353700949963
"271",2.71,7.48587039276203,-21.3447942527515,-0.0130834918257168
"272",2.72,7.51328017256182,-21.4232347604271,-0.0131316124072026
"273",2.73,7.5406883900754,-21.5016728783806,-0.0131797318395828
"274",2.74,7.56809504537499,-21.5801086064201,-0.0132278501230156
"275",2.75,7.59550013853282,-21.6585419443481,-0.0132759672576159
"276",2.76,7.62290366962114,-21.7369728919712,-0.0133240832435408
"277",2.77,7.65030563871219,-21.8154014490939,-0.0133721980809277
"278",2.78,7.67770604587823,-21.8938276155203,-0.0134203117699108
"279",2.79,7.70510489119153,-21.9722513910577,-0.0134684243106283
"280",2.8,7.73250217472434,-22.0506727755112,-0.0135165357032287
"281",2.81,7.75989789654897,-22.1290917686845,-0.0135646459478425
"282",2.82,7.78729205673769,-22.2075083703827,-0.0136127550446147
"283",2.83,7.8146846553628,-22.2859225804134,-0.0136608629936851
"284",2.84,7.8420756924966,-22.3643343985804,-0.0137089697951762
"285",2.85,7.8694651682114,-22.4427438246902,-0.0137570754492563
"286",2.86,7.89685308257953,-22.5211508585463,-0.0138051799560475
"287",2.87,7.9242394356733,-22.5995554999557,-0.0138532833156985
"288",2.88,7.95162422756505,-22.6779577487234,-0.0139013855283458
"289",2.89,7.97900745832712,-22.7563576046525,-0.0139494865941144
"290",2.9,8.00638912803186,-22.8347550675534,-0.0139975865131592
"291",2.91,8.03376923675163,-22.9131501372282,-0.0140456852856294
"292",2.92,8.06114778455879,-22.9915428134831,-0.0140937829116383
"293",2.93,8.08852477152572,-23.0699330961234,-0.0141418793913372
"294",2.94,8.1159001977248,-23.1483209849552,-0.0141899747248748
"295",2.95,8.1432740632284,-23.2267064797851,-0.0142380689123865
"296",2.96,8.17064636810893,-23.3050895804149,-0.0142861619540083
"297",2.97,8.1980171124388,-23.3834702866543,-0.0143342538498804
"298",2.98,8.22538629629041,-23.4618485983073,-0.0143823446001313
"299",2.99,8.25275391973617,-23.5402245151804,-0.0144304342049423
"300",3,8.28011998284853,-23.6185980370774,-0.0144785226644103
"301",3.01,8.3074844856999,-23.6969691638062,-0.0145266099786829
"302",3.02,8.33484742836274,-23.7753378951712,-0.0145746961479104
"303",3.03,8.36220881090949,-23.8537042309782,-0.0146227811722288
"304",3.04,8.38956863341261,-23.9320681710352,-0.0146708650517779
"305",3.05,8.41692689594456,-24.0104297151452,-0.0147189477867051
"306",3.06,8.44428359857782,-24.0887888631146,-0.0147670293771364
"307",3.07,8.47163874138487,-24.1671456147504,-0.0148151098232222
"308",3.08,8.49899232443819,-24.2454999698576,-0.014863189125082
"309",3.09,8.52634434781028,-24.3238519282433,-0.0149112672828927
"310",3.1,8.55369481157364,-24.4022014897121,-0.0149593442967797
"311",3.11,8.58104371580079,-24.4805486540698,-0.0150074201668421
"312",3.12,8.60839106056424,-24.5588934211234,-0.0150554948932846
"313",3.13,8.63573684593652,-24.6372357906786,-0.0151035684762094
"314",3.14,8.66308107199017,-24.7155757625414,-0.0151516409157627
"315",3.15,8.69042373879772,-24.7939133365176,-0.0151997122120974
"316",3.16,8.71776484643172,-24.8722485124144,-0.0152477823653319
"317",3.17,8.74510439496473,-24.9505812900357,-0.0152958513756235
"318",3.18,8.77244238446932,-25.0289116691901,-0.0153439192431153
"319",3.19,8.79977881501806,-25.1072396496819,-0.015391985967928
"320",3.2,8.82711368668352,-25.1855652313187,-0.0154400515502102
"321",3.21,8.8544469995383,-25.2638884139059,-0.0154881159901177
"322",3.22,8.881778753655,-25.3422091972501,-0.015536179287761
"323",3.23,8.90910894910621,-25.4205275811563,-0.015584241443309
"324",3.24,8.93643758596454,-25.498843565432,-0.0156323024568753
"325",3.25,8.96376466430262,-25.5771571498827,-0.0156803623286238
"326",3.26,8.99109018419307,-25.6554683343168,-0.0157284210587018
"327",3.27,9.01841414570852,-25.7337771185377,-0.0157764786472165
"328",3.28,9.04573654892162,-25.8120835023542,-0.0158245350943342
"329",3.29,9.07305739390501,-25.8903874855713,-0.0158725904001828
"330",3.3,9.10037668073135,-25.9686890679963,-0.0159206445649099
"331",3.31,9.12769440947331,-26.0469882494341,-0.0159686975886466
"332",3.32,9.15501058020356,-26.1252850296919,-0.0160167494715431
"333",3.33,9.18232519299477,-26.2035794085771,-0.0160648002137405
"334",3.34,9.20963824791964,-26.2818713858976,-0.016112849815379
"335",3.35,9.23694974505086,-26.3601609614539,-0.0161608982765795
"336",3.36,9.26425968446113,-26.4384481350587,-0.0162089455975153
"337",3.37,9.29156806622317,-26.5167329065172,-0.0162569917783029
"338",3.38,9.31887489040968,-26.5950152756343,-0.0163050368190932
"339",3.39,9.34618015709341,-26.6732952422167,-0.0163530807200099
"340",3.4,9.37348386634708,-26.7515728060732,-0.0164011234812192
"341",3.41,9.40078601824342,-26.8298479670097,-0.0164491651028517
"342",3.42,9.42808661285521,-26.9081207248306,-0.0164972055850505
"343",3.43,9.45538565025517,-26.9863910793451,-0.016545244927935
"344",3.44,9.48268313051609,-27.0646590303592,-0.0165932831316782
"345",3.45,9.50997905371073,-27.1429245776801,-0.0166413201964004
"346",3.46,9.53727341991187,-27.2211877211135,-0.0166893561222416
"347",3.47,9.5645662291923,-27.299448460467,-0.0167373909093547
"348",3.48,9.59185748162482,-27.377706795547,-0.0167854245578731
"349",3.49,9.61914717728221,-27.4559627261624,-0.0168334570679367
"350",3.5,9.64643531623731,-27.5342162521163,-0.0168814884396849
"351",3.51,9.67372189856292,-27.6124673732181,-0.0169295186732875
"352",3.52,9.70100692433187,-27.6907160892755,-0.0169775477688229
"353",3.53,9.72829039361699,-27.7689624000935,-0.0170255757264987
"354",3.54,9.75557230649112,-27.8472063054801,-0.0170736025463961
"355",3.55,9.78285266302711,-27.9254478052425,-0.0171216282287006
"356",3.56,9.81013146329781,-28.0036868991863,-0.0171696527735526
"357",3.57,9.8374087073761,-28.0819235871197,-0.0172176761810453
"358",3.58,9.86468439533483,-28.1601578688493,-0.0172656984513782
"359",3.59,9.89195852724689,-28.2383897441833,-0.0173137195846617
"360",3.6,9.91923110318517,-28.316619212927,-0.0173617395810384
"361",3.61,9.94650212322256,-28.3948462748901,-0.0174097584406515
"362",3.62,9.97377158743196,-28.4730709298766,-0.0174577761636495
"363",3.63,10.0010394958863,-28.5512931776964,-0.0175057927501757
"364",3.64,10.0283058486584,-28.6295130181546,-0.0175538082003524
"365",3.65,10.0555706458213,-28.7077304510604,-0.0176018225143239
"366",3.66,10.0828338874479,-28.7859454762198,-0.017649835692244
"367",3.67,10.1100955736112,-28.8641580934407,-0.0176978477342437
"368",3.68,10.137355704384,-28.9423683025289,-0.0177458586404629
"369",3.69,10.1646142798393,-29.0205761032946,-0.0177938684110846
"370",3.7,10.1918713000502,-29.0987814955432,-0.0178418770461713
"371",3.71,10.2191267650895,-29.1769844790808,-0.0178898845459357
"372",3.72,10.2463806750303,-29.2551850537184,-0.0179378909104771
"373",3.73,10.2736330299455,-29.3333832192602,-0.0179858961399481
"374",3.74,10.3008838299081,-29.411578975515,-0.018033900234499
"375",3.75,10.3281330749911,-29.4897723222907,-0.0180819031942611
"376",3.76,10.3553807652676,-29.5679632593932,-0.0181299050193725
"377",3.77,10.3826269008105,-29.6461517866327,-0.0181779057099854
"378",3.78,10.4098714816929,-29.7243379038147,-0.0182259052662263
"379",3.79,10.4371145079878,-29.8025216107456,-0.018273903688268
"380",3.8,10.4643559797682,-29.8807029072366,-0.0183219009762345
"381",3.81,10.4915958971072,-29.9588817930911,-0.0183698971302235
"382",3.82,10.5188342600779,-30.0370582681214,-0.0184178921504474
"383",3.83,10.5460710687532,-30.1152323321307,-0.018465886036988
"384",3.84,10.5733063232064,-30.1934039849306,-0.0185138787900339
"385",3.85,10.6005400235103,-30.2715732263253,-0.0185618704097152
"386",3.86,10.6277721697383,-30.3497400561248,-0.018609860896141
"387",3.87,10.6550027619632,-30.4279044741368,-0.0186578502494967
"388",3.88,10.6822318002582,-30.5060664801673,-0.0187058384698953
"389",3.89,10.7094592846965,-30.5842260740249,-0.0187538255574759
"390",3.9,10.7366852153512,-30.6623832555194,-0.0188018115124034
"391",3.91,10.7639095922953,-30.7405380244568,-0.0188497963348221
"392",3.92,10.791132415602,-30.8186903806451,-0.0188977800248326
"393",3.93,10.8183536853444,-30.8968403238921,-0.0189457625826092
"394",3.94,10.8455734015957,-30.9749878540054,-0.0189937440083104
"395",3.95,10.872791564429,-31.0531329707949,-0.0190417243020375
"396",3.96,10.9000081739176,-31.1312756740673,-0.0190897034639377
"397",3.97,10.9272232301345,-31.2094159636296,-0.0191376814941737
"398",3.98,10.9544367331529,-31.2875538392918,-0.0191856583928801
"399",3.99,10.9816486830461,-31.3656893008589,-0.0192336341601826
"400",4,11.0088590798871,-31.4438223481429,-0.0192816087962569
"401",4.01,11.0360679237493,-31.5219529809493,-0.0193295823011992
"402",4.02,11.0632752147057,-31.6000811990868,-0.0193775546751918
"403",4.03,11.0904809528298,-31.6782070023635,-0.0194255259183564
"404",4.04,11.1176851381945,-31.7563303905881,-0.0194734960308533
"405",4.05,11.1448877708732,-31.8344513635686,-0.0195214650128022
"406",4.06,11.1720888509392,-31.9125699211126,-0.0195694328643584
"407",4.07,11.1992883784655,-31.9906860630293,-0.0196173995856264
"408",4.08,11.2264863535256,-32.0687997891247,-0.0196653651767938
"409",4.09,11.2536827761927,-32.1469110992097,-0.0197133296380131
"410",4.1,11.28087764654,-32.2250199930928,-0.019761292969393
"411",4.11,11.3080709646408,-32.3031264705808,-0.0198092551710776
"412",4.12,11.3352627305684,-32.3812305314833,-0.0198572162431895
"413",4.13,11.362452944396,-32.4593321756063,-0.0199051761859176
"414",4.14,11.389641606197,-32.5374314027596,-0.0199531349993981
"415",4.15,11.4168287160447,-32.6155282127525,-0.020001092683753
"416",4.16,11.4440142740124,-32.6936226053924,-0.0200490492391186
"417",4.17,11.4711982801734,-32.7717145804893,-0.0200970046656381
"418",4.18,11.4983807346011,-32.8498041378492,-0.0201449589634733
"419",4.19,11.5255616373686,-32.9278912772833,-0.0201929121327453
"420",4.2,11.5527409885496,-33.0059759985981,-0.0202408641736406
"421",4.21,11.5799187882171,-33.0840583016026,-0.020288815086247
"422",4.22,11.6070950364447,-33.162138186106,-0.0203367648707057
"423",4.23,11.6342697333057,-33.2402156519175,-0.0203847135271984
"424",4.24,11.6614428788734,-33.3182906988441,-0.020432661055853
"425",4.25,11.6886144732212,-33.3963633266943,-0.0204806074567965
"426",4.26,11.7157845164226,-33.4744335352803,-0.020528552730177
"427",4.27,11.7429530085508,-33.5525013244068,-0.0205764968761563
"428",4.28,11.7701199496794,-33.6305666938831,-0.0206244398948646
"429",4.29,11.7972853398818,-33.7086296435208,-0.0206723817864456
"430",4.3,11.8244491792312,-33.7866901731254,-0.0207203225510231
"431",4.31,11.8516114678012,-33.8647482825078,-0.0207682621887577
"432",4.32,11.8787722056653,-33.9428039714764,-0.0208162006997793
"433",4.33,11.9059313928968,-34.0208572398374,-0.0208641380842508
"434",4.34,11.9330890295691,-34.0989080874062,-0.0209120743423005
"435",4.35,11.9602451157558,-34.1769565139832,-0.0209600094740728
"436",4.36,11.9873996515303,-34.2550025193842,-0.0210079434797267
"437",4.37,12.0145526369661,-34.3330461034158,-0.0210558763593303
"438",4.38,12.0417040721367,-34.4110872658865,-0.0211038081131231
"439",4.39,12.0688539571154,-34.4891260066062,-0.0211517387412047
"440",4.4,12.096002291976,-34.5671623253831,-0.021199668243737
"441",4.41,12.1231490767917,-34.6451962220262,-0.0212475966208505
"442",4.42,12.1502943116362,-34.7232276963432,-0.0212955238726302
"443",4.43,12.1774379965829,-34.8012567481486,-0.0213434499993247
"444",4.44,12.2045801317055,-34.8792833772457,-0.0213913750009914
"445",4.45,12.2317207170773,-34.9573075834458,-0.0214392988778271
"446",4.46,12.258859752772,-35.0353293665599,-0.0214872216299529
"447",4.47,12.2859972388631,-35.1133487263946,-0.0215351432574859
"448",4.48,12.3131331754241,-35.1913656627592,-0.0215830637606287
"449",4.49,12.3402675625286,-35.2693801754642,-0.0216309831394591
"450",4.5,12.3674004002502,-35.3473922643191,-0.0216789013941535
"451",4.51,12.3945316886625,-35.4254019291314,-0.021726818524874
"452",4.52,12.4216614278389,-35.5034091697115,-0.021774734531717
"453",4.53,12.4487896178532,-35.5814139858701,-0.0218226494148374
"454",4.54,12.475916258779,-35.6594163774128,-0.0218705631744425
"455",4.55,12.5030413506897,-35.7374163441542,-0.0219184758105826
"456",4.56,12.5301648936591,-35.8154138859006,-0.0219663873234271
"457",4.57,12.5572868877608,-35.8934090024593,-0.0220142977131565
"458",4.58,12.5844073330683,-35.9714016936432,-0.0220622069798698
"459",4.59,12.6115262296554,-36.0493919592634,-0.022110115123731
"460",4.6,12.6386435775957,-36.1273797991247,-0.0221580221448835
"461",4.61,12.6657593769627,-36.2053652130387,-0.0222059280434843
"462",4.62,12.6928736278303,-36.2833482008158,-0.0222538328196089
"463",4.63,12.7199863302719,-36.361328762265,-0.0223017364734829
"464",4.64,12.7470974843614,-36.4393068971947,-0.0223496390052418
"465",4.65,12.7742070901724,-36.5172826054158,-0.0223975404149385
"466",4.66,12.8013151477786,-36.5952558867405,-0.0224454407028308
"467",4.67,12.8284216572537,-36.6732267409721,-0.0224933398689824
"468",4.68,12.8555266186713,-36.7511951679252,-0.0225412379135531
"469",4.69,12.8826300321053,-36.8291611674091,-0.0225891348367461
"470",4.7,12.9097318976292,-36.9071247392338,-0.0226370306386353
"471",4.71,12.9368322153169,-36.9850858832048,-0.0226849253193717
"472",4.72,12.9639309852421,-37.0630445991379,-0.0227328188790782
"473",4.73,12.9910282074785,-37.1410008868406,-0.0227807113180245
"474",4.74,13.0181238820998,-37.2189547461194,-0.0228286026361778
"475",4.75,13.0452180091799,-37.2969061767912,-0.0228764928338119
"476",4.76,13.0723105887924,-37.3748551786578,-0.0229243819109911
"477",4.77,13.0994016210112,-37.4528017515351,-0.0229722698678579
"478",4.78,13.12649110591,-37.5307458952315,-0.0230201567046609
"479",4.79,13.1535790435626,-37.6086876095571,-0.0230680424214196
"480",4.8,13.1806654340429,-37.6866268943195,-0.0231159270183325
"481",4.81,13.2077502774245,-37.7645637493337,-0.0231638104955441
"482",4.82,13.2348335737814,-37.8424981744041,-0.0232116928531579
"483",4.83,13.2619153231873,-37.9204301693442,-0.023259574091398
"484",4.84,13.288995525716,-37.9983597339625,-0.0233074542103346
"485",4.85,13.3160741814415,-38.076286868071,-0.023355333210096
"486",4.86,13.3431512904374,-38.1542115714795,-0.0234032110909075
"487",4.87,13.3702268527777,-38.2321338439977,-0.0234510878528488
"488",4.88,13.3973008685363,-38.3100536854333,-0.0234989634961253
"489",4.89,13.4243733377869,-38.3879710956008,-0.0235468380208213
"490",4.9,13.4514442606035,-38.4658860743069,-0.0235947114270783
"491",4.91,13.4785136370599,-38.5437986213653,-0.0236425837150611
"492",4.92,13.50558146723,-38.6217087365818,-0.0236904548849363
"493",4.93,13.5326477511877,-38.6996164197708,-0.0237383249367836
"494",4.94,13.5597124890069,-38.7775216707394,-0.023786193870769
"495",4.95,13.5867756807616,-38.855424489303,-0.023834061687115
"496",4.96,13.6138373265255,-38.9333248752673,-0.0238819283858717
"497",4.97,13.6408974263726,-39.0112228284463,-0.023929793967215
"498",4.98,13.6679559803769,-39.089118348645,-0.0239776584312731
"499",4.99,13.6950129886124,-39.1670114356774,-0.0240255217782387
"500",5,13.7220684511528,-39.2449020893563,-0.0240733840081647
"501",5.01,13.7491223680723,-39.3227903094876,-0.0241212451212986
"502",5.02,13.7761747394446,-39.400676095886,-0.0241691051176826
"503",5.03,13.803225565344,-39.4785594483584,-0.0242169639975351
"504",5.04,13.8302748458441,-39.5564403667161,-0.0242648217609881
"505",5.05,13.8573225810192,-39.6343188507718,-0.0243126784082315
"506",5.06,13.8843687709431,-39.7121949003359,-0.0243605339392293
"507",5.07,13.9114134156899,-39.790068515216,-0.0244083883542941
"508",5.08,13.9384565153334,-39.8679396952277,-0.0244562416535481
"509",5.09,13.9654980699479,-39.9458084401761,-0.0245040938370758
"510",5.1,13.9925380796072,-40.0236747498759,-0.0245519449051034
"511",5.11,14.0195765443855,-40.1015386241361,-0.0245997948576709
"512",5.12,14.0466134643566,-40.1794000627704,-0.024647643695002
"513",5.13,14.0736488395947,-40.2572590655875,-0.0246954914172224
"514",5.14,14.1006826701739,-40.3351156323949,-0.0247433380244276
"515",5.15,14.1277149561681,-40.4129697630079,-0.0247911835168275
"516",5.16,14.1547456976514,-40.490821457239,-0.0248390278945662
"517",5.17,14.181774894698,-40.5686707148929,-0.0248868711577379
"518",5.18,14.2088025473818,-40.646517535782,-0.0249347133065279
"519",5.19,14.235828655777,-40.7243619197234,-0.0249825543410368
"520",5.2,14.2628532199577,-40.8022038665219,-0.0250303942614633
"521",5.21,14.2898762399979,-40.8800433759928,-0.0250782330678813
"522",5.22,14.3168977159717,-40.9578804479436,-0.0251260707605245
"523",5.23,14.3439176479534,-41.0357150821854,-0.0251739073394317
"524",5.24,14.3709360360169,-41.1135472785314,-0.0252217428048774
"525",5.25,14.3979528802364,-41.1913770367908,-0.0252695771568585
"526",5.26,14.4249681806861,-41.2692043567742,-0.0253174103956216
"527",5.27,14.4519819374402,-41.3470292382974,-0.0253652425212886
"528",5.28,14.4789941505726,-41.4248516811681,-0.0254130735339855
"529",5.29,14.5060048201577,-41.5026716851968,-0.025460903433901
"530",5.3,14.5330139462695,-41.580489250195,-0.0255087322210817
"531",5.31,14.5600215289823,-41.6583043759776,-0.0255565598957999
"532",5.32,14.5870275683703,-41.7361170623481,-0.0256043864581131
"533",5.33,14.6140320645075,-41.8139273091301,-0.0256522119081652
"534",5.34,14.6410350174683,-41.8917351161229,-0.0257000362461283
"535",5.35,14.6680364273268,-41.9695404831424,-0.0257478594721878
"536",5.36,14.6950362941572,-42.0473434099985,-0.0257956815863812
"537",5.37,14.7220346180337,-42.1251438965066,-0.0258435025888922
"538",5.38,14.7490313990307,-42.2029419424751,-0.0258913224799342
"539",5.39,14.7760266372222,-42.2807375477188,-0.0259391412596304
"540",5.4,14.8030203326825,-42.3585307120438,-0.0259869589280269
"541",5.41,14.830012485486,-42.4363214352624,-0.0260347754853657
"542",5.42,14.8570030957068,-42.5141097171928,-0.0260825909318095
"543",5.43,14.8839921634192,-42.5918955576385,-0.0261304052674199
"544",5.44,14.9109796886975,-42.6696789564136,-0.0261782184923643
"545",5.45,14.9379656716159,-42.7474599133312,-0.0262260306067578
"546",5.46,14.9649501122488,-42.8252384282047,-0.0262738416108667
"547",5.47,14.9919330106704,-42.9030145008421,-0.0263216515047557
"548",5.48,15.018914366955,-42.9807881310545,-0.02636946028853
"549",5.49,15.0458941811769,-43.0585593186581,-0.026417267962366
"550",5.5,15.0728724534105,-43.1363280634565,-0.0264650745264773
"551",5.51,15.0998491837301,-43.2140943652706,-0.0265128799808811
"552",5.52,15.12682437221,-43.2918582239075,-0.0265606843257998
"553",5.53,15.1537980189245,-43.3696196391828,-0.0266084875614128
"554",5.54,15.180770123948,-43.4473786109006,-0.0266562896877171
"555",5.55,15.2077406873547,-43.5251351388844,-0.0267040907050355
"556",5.56,15.2347097092193,-43.6028892229318,-0.0267518906134566
"557",5.57,15.2616771896158,-43.6806408628672,-0.0267996894130589
"558",5.58,15.2886431286188,-43.7583900584941,-0.0268474871041077
"559",5.59,15.3156075263025,-43.8361368096302,-0.0268952836866103
"560",5.6,15.3425703827415,-43.9138811160864,-0.0269430791606493
"561",5.61,15.36953169801,-43.9916229776681,-0.0269908735266758
"562",5.62,15.3964914721826,-44.069362394198,-0.0270386667845645
"563",5.63,15.4234497053335,-44.1470993654807,-0.0270864589345689
"564",5.64,15.4504063975373,-44.2248338913277,-0.02713424997674
"565",5.65,15.4773615488682,-44.3025659715572,-0.0271820399113738
"566",5.66,15.5043151594009,-44.3802956059772,-0.0272298287385824
"567",5.67,15.5312672292097,-44.4580227944008,-0.0272776164583663
"568",5.68,15.558217758369,-44.5357475366384,-0.0273254030709584
"569",5.69,15.5851667469534,-44.6134698325015,-0.0273731885766196
"570",5.7,15.6121141950372,-44.6911896818135,-0.027420972975298
"571",5.71,15.639060102695,-44.76890708437,-0.027468756267267
"572",5.72,15.6660044700012,-44.8466220399901,-0.027516538452659
"573",5.73,15.6929472970303,-44.9243345484923,-0.0275643195314617
"574",5.74,15.7198885838568,-45.0020446096798,-0.0276120995040012
"575",5.75,15.7468283305551,-45.0797522233764,-0.0276598783704986
"576",5.76,15.7737665371999,-45.1574573893778,-0.0277076561308013
"577",5.77,15.8007032038656,-45.2351601075109,-0.0277554327853784
"578",5.78,15.8276383306267,-45.3128603775771,-0.0278032083340915
"579",5.79,15.8545719175578,-45.3905581993971,-0.0278509827772967
"580",5.8,15.8815039647334,-45.4682535727829,-0.0278987561150731
"581",5.81,15.908434472228,-45.545946497539,-0.0279465283474429
"582",5.82,15.9353634401162,-45.6236369734922,-0.0279942994747281
"583",5.83,15.9622908684726,-45.7013250004403,-0.028042069496969
"584",5.84,15.9892167573716,-45.7790105782017,-0.028089838414322
"585",5.85,16.0161411068879,-45.8566937065955,-0.0281376062270543
"586",5.86,16.0430639170962,-45.9343743854205,-0.0281853729351515
"587",5.87,16.0699851880708,-46.0120526145041,-0.0282331385388268
"588",5.88,16.0969049198865,-46.0897283936455,-0.0282809030381872
"589",5.89,16.1238231126178,-46.1674017226685,-0.0283286664334506
"590",5.9,16.1507397663394,-46.245072601383,-0.0283764287247012
"591",5.91,16.1776548811258,-46.3227410295935,-0.02842418991209
"592",5.92,16.2045684570517,-46.4004070071255,-0.0284719499958271
"593",5.93,16.2314804941918,-46.4780705337859,-0.0285197089759422
"594",5.94,16.2583909926206,-46.555731609384,-0.0285674668526288
"595",5.95,16.2852999524128,-46.6333902337318,-0.0286152236261069
"596",5.96,16.3122073736431,-46.711046406654,-0.0286629792964363
"597",5.97,16.339113256386,-46.7887001279531,-0.028710733863779
"598",5.98,16.3660176007164,-46.8663513974458,-0.0287584873282641
"599",5.99,16.3929204067088,-46.9440002149397,-0.0288062396901328
"600",6,16.419821674438,-47.0216465802566,-0.0288539909494085
"601",6.01,16.4467214039786,-47.0992904932032,-0.028901741106324
"602",6.02,16.4736195954053,-47.1769319535955,-0.0289494901609427
"603",6.03,16.5005162487928,-47.2545709612451,-0.0289972381135178
"604",6.04,16.5274113642159,-47.3322075159592,-0.0290449849640708
"605",6.05,16.5543049417492,-47.4098416175654,-0.0290927307128218
"606",6.06,16.5811969814676,-47.4874732658641,-0.0291404753598903
"607",6.07,16.6080874834456,-47.5651024606746,-0.0291882189055291
"608",6.08,16.6349764477581,-47.6427292018056,-0.0292359613496038
"609",6.09,16.6618638744798,-47.7203534890751,-0.0292837026925623
"610",6.1,16.6887497636855,-47.7979753222886,-0.0293314429344423
"611",6.11,16.7156341154499,-47.8755947012754,-0.0293791820752705
"612",6.12,16.7425169298478,-47.9532116258269,-0.0294269201154867
"613",6.13,16.769398206954,-48.0308260957778,-0.0294746570549122
"614",6.14,16.7962779468432,-48.1084381109275,-0.029522392893846
"615",6.15,16.8231561495903,-48.1860476710956,-0.0295701276324525
"616",6.16,16.85003281527,-48.2636547760878,-0.0296178612708785
"617",6.17,16.8769079439572,-48.3412594257295,-0.0296655938091257
"618",6.18,16.9037815357266,-48.4188616198235,-0.0297133252475978
"619",6.19,16.9306535906531,-48.4964613581873,-0.0297610555861723
"620",6.2,16.9575241088116,-48.5740586406338,-0.0298087848252105
"621",6.21,16.9843930902768,-48.6516534669814,-0.0298565129646567
"622",6.22,17.0112605351235,-48.7292458370383,-0.0299042400048599
"623",6.23,17.0381264434268,-48.8068357506158,-0.0299519659457812
"624",6.24,17.0649908152613,-48.8844232075318,-0.0299996907876527
"625",6.25,17.091853650702,-48.962008207598,-0.0300474145306923
"626",6.26,17.1187149498237,-49.0395907506306,-0.0300951371749011
"627",6.27,17.1455747127014,-49.117170836443,-0.0301428587205348
"628",6.28,17.1724329394099,-49.1947484648445,-0.0301905791676609
"629",6.29,17.1992896300241,-49.2723236356508,-0.0302382985165089
"630",6.3,17.2261447846188,-49.3498963486792,-0.0302860167671842
"631",6.31,17.2529984032691,-49.4274666037421,-0.0303337339198499
"632",6.32,17.2798504860498,-49.5050344006509,-0.030381449974588
"633",6.33,17.3067010330358,-49.5825997392204,-0.030429164931588
"634",6.34,17.3335500443022,-49.6601626192645,-0.0304768787910182
"635",6.35,17.3603975199237,-49.7377230405943,-0.0305245915530043
"636",6.36,17.3872434599755,-49.815281003025,-0.0305723032176074
"637",6.37,17.4140878645322,-49.8928365063833,-0.0306200137851681
"638",6.38,17.4409307336691,-49.9703895504682,-0.0306677232556396
"639",6.39,17.4677720674611,-50.0479401350909,-0.0307154316293086
"640",6.4,17.494611865983,-50.1254882600763,-0.0307631389062765
"641",6.41,17.52145012931,-50.2030339252312,-0.0308108450866627
"642",6.42,17.5482868575168,-50.2805771303794,-0.0308585501706047
"643",6.43,17.5751220506788,-50.3581178753161,-0.030906254158317
"644",6.44,17.6019557088707,-50.4356561598744,-0.0309539570498611
"645",6.45,17.6287878321675,-50.513191983865,-0.0310016588454038
"646",6.46,17.6556184206445,-50.5907253470921,-0.031049359545078
"647",6.47,17.6824474743764,-50.6682562493798,-0.0310970591491433
"648",6.48,17.7092749934384,-50.7457846905383,-0.0311447576576611
"649",6.49,17.7361009779055,-50.8233106703781,-0.0311924550706668
"650",6.5,17.7629254278528,-50.9008341887184,-0.0312401513885432
"651",6.51,17.7897483433553,-50.9783552453763,-0.031287846611189
"652",6.52,17.816569724488,-51.0558738401591,-0.0313355407388399
"653",6.53,17.8433895713261,-51.1333899728857,-0.0313832337718645
"654",6.54,17.8702078839446,-51.2109036433728,-0.0314309257101179
"655",6.55,17.8970246624186,-51.2884148514258,-0.0314786165539036
"656",6.56,17.9238399068232,-51.3659235968678,-0.0315263063032563
"657",6.57,17.9506536172335,-51.4434298795038,-0.0315739949582741
"658",6.58,17.9774657937246,-51.5209336991618,-0.0316216825192058
"659",6.59,18.0042764363716,-51.5984350556398,-0.0316693689864569
"660",6.6,18.0310855452496,-51.6759339487675,-0.0317170543596723
"661",6.61,18.0578931204337,-51.753430378358,-0.0317647386394216
"662",6.62,18.0846991619992,-51.8309243442147,-0.0318124218255832
"663",6.63,18.111503670021,-51.9084158461601,-0.0318601039183852
"664",6.64,18.1383066445745,-51.9859048839976,-0.0319077849179896
"665",6.65,18.1651080857346,-52.0633914575671,-0.031955464824583
"666",6.66,18.1919079935767,-52.1408755666635,-0.0320031436380964
"667",6.67,18.2187063681758,-52.2183572110989,-0.0320508213590109
"668",6.68,18.2455032096072,-52.2958363906981,-0.0320984979872478
"669",6.69,18.272298517946,-52.3733131052709,-0.0321461735230627
"670",6.7,18.2990922932674,-52.4507873546401,-0.0321938479664486
"671",6.71,18.3258845356466,-52.528259138608,-0.0322415213176964
"672",6.72,18.3526752451588,-52.6057284569966,-0.0322891935769657
"673",6.73,18.3794644218793,-52.6831953096155,-0.0323368647441875
"674",6.74,18.4062520658833,-52.7606596962883,-0.0323845348197828
"675",6.75,18.4330381772459,-52.8381216168223,-0.0324322038037669
"676",6.76,18.4598227560424,-52.9155810710425,-0.0324798716963738
"677",6.77,18.4866058023481,-52.9930380587479,-0.0325275384977265
"678",6.78,18.5133873162382,-53.070492579766,-0.0325752042077466
"679",6.79,18.540167297788,-53.1479446339082,-0.0326228688268138
"680",6.8,18.5669457470727,-53.2253942209863,-0.0326705323550464
"681",6.81,18.5937226641677,-53.3028413408185,-0.0327181947926001
"682",6.82,18.6204980491481,-53.3802859932249,-0.0327658561394812
"683",6.83,18.6472719020893,-53.4577281780083,-0.0328135163960923
"684",6.84,18.6740442230665,-53.5351678949915,-0.0328611755623319
"685",6.85,18.7008150121551,-53.6126051439939,-0.0329088336383863
"686",6.86,18.7275842694304,-53.690039924822,-0.0329564906246407
"687",6.87,18.7543519949677,-53.7674722372922,-0.0330041465208647
"688",6.88,18.7811181888422,-53.8449020812298,-0.0330518013274622
"689",6.89,18.8078828511293,-53.9223294564434,-0.0330994550445316
"690",6.9,18.8346459819046,-53.9997543627294,-0.0331471076722124
"691",6.91,18.8614075812431,-54.0771767999413,-0.0331947592106314
"692",6.92,18.8881676492202,-54.1545967678627,-0.0332424096598885
"693",6.93,18.9149261859115,-54.2320142663176,-0.03329005902032
"694",6.94,18.941683191392,-54.3094292951364,-0.0333377072919343
"695",6.95,18.9684386657373,-54.3868418541192,-0.0333853544747819
"696",6.96,18.9951926090228,-54.4642519430849,-0.0334330005692338
"697",6.97,19.0219450213238,-54.5416595618381,-0.0334806455752568
"698",6.98,19.0486959027158,-54.6190647102128,-0.0335282894929467
"699",6.99,19.075445253274,-54.6964673880175,-0.0335759323228651
"700",7,19.102193073074,-54.7738675950636,-0.0336235740646756
"701",7.01,19.1289393621911,-54.8512653311704,-0.0336712147187728
"702",7.02,19.1556841207008,-54.9286605961533,-0.033718854285114
"703",7.03,19.1824273486786,-55.006053389824,-0.0337664927640415
"704",7.04,19.2091690461997,-55.0834437120026,-0.0338141301556883
"705",7.05,19.2359092133398,-55.1608315625049,-0.0338617664601465
"706",7.06,19.2626478501741,-55.2382169411507,-0.033909401677627
"707",7.07,19.2893849567783,-55.315599847741,-0.0339570358078213
"708",7.08,19.3161205332277,-55.3929802821108,-0.0340046688516094
"709",7.09,19.3428545795979,-55.4703582440536,-0.0340523008087804
"710",7.1,19.3695870959643,-55.5477337334035,-0.0340999316795808
"711",7.11,19.3963180824023,-55.6251067499747,-0.0341475614639259
"712",7.12,19.4230475389876,-55.7024772935756,-0.0341951901620456
"713",7.13,19.4497754657956,-55.7798453640211,-0.034242817774434
"714",7.14,19.4765018629017,-55.8572109611409,-0.0342904443006897
"715",7.15,19.5032267303817,-55.9345740847167,-0.0343380697412993
"716",7.16,19.5299500683108,-56.0119347346186,-0.0343856940963418
"717",7.17,19.5566718767647,-56.0892929106225,-0.034433317365875
"718",7.18,19.5833921558189,-56.1666486125489,-0.0344809395502836
"719",7.19,19.610110905549,-56.2440018402262,-0.0345285606495492
"720",7.2,19.6368281260306,-56.3213525934518,-0.034576180663862
"721",7.21,19.663543817339,-56.3987008720632,-0.0346237995932474
"722",7.22,19.6902579795501,-56.4760466758683,-0.0346714174379542
"723",7.23,19.7169706127392,-56.5533900046733,-0.0347190341982137
"724",7.24,19.743681716982,-56.6307308583171,-0.0347666498738591
"725",7.25,19.7703912923541,-56.7080692365889,-0.03481426446547
"726",7.26,19.7970993389311,-56.7854051393242,-0.0348618779729128
"727",7.27,19.8238058567886,-56.8627385663331,-0.0349094903964209
"728",7.28,19.8505108460021,-56.940069517433,-0.0349571017361861
"729",7.29,19.8772143066474,-57.0173979924309,-0.0350047119923645
"730",7.3,19.9039162388,-57.0947239911563,-0.0350523211649863
"731",7.31,19.9306166425355,-57.1720475134162,-0.0350999292541681
"732",7.32,19.9573155179297,-57.2493685590354,-0.0351475362599894
"733",7.33,19.9840128650581,-57.3266871278199,-0.0351951421831217
"734",7.34,20.0107086839964,-57.4040032195994,-0.0352427470230294
"735",7.35,20.0374029748201,-57.481316834186,-0.0352903507802601
"736",7.36,20.0640957376052,-57.5586279713837,-0.0353379534549435
"737",7.37,20.0907869724272,-57.6359366310249,-0.0353855550470785
"738",7.38,20.1174766793617,-57.7132428129088,-0.0354331555569754
"739",7.39,20.1441648584844,-57.7905465168868,-0.0354807549847511
"740",7.4,20.1708515098712,-57.8678477427245,-0.0355283533304327
"741",7.41,20.1975366335976,-57.9451464902826,-0.0355759505940805
"742",7.42,20.2242202297395,-58.0224427593466,-0.0356235467760765
"743",7.43,20.2509022983723,-58.0997365497576,-0.0356711418765605
"744",7.44,20.277582839572,-58.1770278613175,-0.0357187358956771
"745",7.45,20.3042618534143,-58.2543166938396,-0.0357663288332884
"746",7.46,20.3309393399748,-58.331603047158,-0.0358139206899771
"747",7.47,20.3576152993293,-58.4088869210801,-0.0358615114654513
"748",7.48,20.3842897315537,-58.4861683154142,-0.0359091011601399
"749",7.49,20.4109626367235,-58.5634472300053,-0.0359566897740526
"750",7.5,20.4376340149148,-58.6407236646158,-0.0360042773075867
"751",7.51,20.4643038662029,-58.7179976191292,-0.0360518637606949
"752",7.52,20.4909721906641,-58.7952690933047,-0.0360994491335748
"753",7.53,20.5176389883739,-58.8725380870012,-0.0361470334263437
"754",7.54,20.5443042594081,-58.9498046000188,-0.0361946166389611
"755",7.55,20.5709680038425,-59.0270686321716,-0.0362421987720596
"756",7.56,20.5976302217531,-59.1043301832704,-0.0362897798252974
"757",7.57,20.6242909132155,-59.181589253146,-0.0363373597991148
"758",7.58,20.6509500783055,-59.2588458416178,-0.036384938693325
"759",7.59,20.6776077170991,-59.3360999484916,-0.0364325165086317
"760",7.6,20.7042638296722,-59.4133515735791,-0.0364800932447861
"761",7.61,20.7309184161003,-59.4906007167242,-0.0365276689019444
"762",7.62,20.7575714764596,-59.5678473777168,-0.0365752434804106
"763",7.63,20.7842230108258,-59.6450915563848,-0.0366228169802532
"764",7.64,20.8108730192748,-59.7223332525407,-0.036670389401698
"765",7.65,20.8375215018823,-59.7995724660179,-0.0367179607445391
"766",7.66,20.8641684587246,-59.8768091966057,-0.0367655310093959
"767",7.67,20.8908138898772,-59.9540434441426,-0.0368131001961443
"768",7.68,20.9174577954161,-60.0312752084429,-0.0368606683049673
"769",7.69,20.9441001754173,-60.1085044893267,-0.0369082353361671
"770",7.7,20.9707410299566,-60.1857312865983,-0.0369558012898479
"771",7.71,20.99738035911,-60.2629556000815,-0.0370033661658554
"772",7.72,21.0240181629533,-60.3401774296024,-0.0370509299647124
"773",7.73,21.0506544415625,-60.4173967749675,-0.0370984926866106
"774",7.74,21.0772891950137,-60.4946136359851,-0.0371460543311754
"775",7.75,21.1039224233825,-60.5718280124994,-0.0371936148987716
"776",7.76,21.1305541267451,-60.6490399043088,-0.0372411743900564
"777",7.77,21.1571843051775,-60.726249311237,-0.0372887328047974
"778",7.78,21.1838129587555,-60.8034562330907,-0.0373362901430218
"779",7.79,21.210440087555,-60.8806606697209,-0.0373838464050913
"780",7.8,21.2370656916524,-60.9578626208988,-0.037431401590774
"781",7.81,21.2636897711232,-61.0350620864722,-0.0374789557006873
"782",7.82,21.2903123260436,-61.1122590662586,-0.0375265087345048
"783",7.83,21.3169333564896,-61.1894535600693,-0.0375740606931427
"784",7.84,21.3435528625373,-61.2666455677095,-0.0376216115759915
"785",7.85,21.3701708442626,-61.3438350890103,-0.0376691613834471
"786",7.86,21.3967873017416,-61.4210221237892,-0.0377167101159975
"787",7.87,21.4234022350503,-61.4982066718568,-0.0377642577730003
"788",7.88,21.4500156442645,-61.5753887330502,-0.0378118043553606
"789",7.89,21.4766275294606,-61.6525683071698,-0.037859349863055
"790",7.9,21.5032378907146,-61.7297453940248,-0.0379068942960293
"791",7.91,21.5298467281024,-61.806919993453,-0.0379544376545478
"792",7.92,21.5564540417001,-61.8840921052592,-0.0380019799384423
"793",7.93,21.5830598315838,-61.961261729282,-0.0380495211486433
"794",7.94,21.6096640978295,-62.0384288653183,-0.0380970612846264
"795",7.95,21.6362668405135,-62.1155935131941,-0.0381446003466254
"796",7.96,21.6628680597119,-62.1927556727018,-0.0381921383349036
"797",7.97,21.6894677555004,-62.2699153437084,-0.0382396752497062
"798",7.98,21.7160659279554,-62.3470725260095,-0.0382872110910609
"799",7.99,21.7426625771532,-62.4242272193955,-0.0383347458593525
"800",8,21.7692577031695,-62.5013794237294,-0.0383822795540935
"801",8.01,21.7958513060807,-62.5785291388042,-0.0384298121759572
"802",8.02,21.8224433859629,-62.6556763644443,-0.0384773437249742
"803",8.03,21.8490339428922,-62.7328211004692,-0.0385248742015127
"804",8.04,21.8756229769447,-62.8099633466959,-0.0385724036055098
"805",8.05,21.9022104881968,-62.8871031029229,-0.0386199319370351
"806",8.06,21.9287964767243,-62.9642403690089,-0.0386674591962959
"807",8.07,21.9553809426036,-63.0413751447521,-0.0387149853833359
"808",8.08,21.9819638859111,-63.1185074299358,-0.0387625104985944
"809",8.09,22.0085453067224,-63.1956372244406,-0.0388100345417926
"810",8.1,22.035125205114,-63.2727645280636,-0.0388575575134676
"811",8.11,22.0617035811623,-63.3498893405971,-0.0389050794138782
"812",8.12,22.0882804349433,-63.4270116618725,-0.0389526002428394
"813",8.13,22.1148557665332,-63.5041314917292,-0.0390001200005777
"814",8.14,22.1414295760081,-63.5812488299796,-0.0390476386871299
"815",8.15,22.1680018634445,-63.6583636764182,-0.0390951563030495
"816",8.16,22.1945726289187,-63.7354760308617,-0.039142672847978
"817",8.17,22.2211418725065,-63.8125858931802,-0.0391901883223995
"818",8.18,22.2477095942844,-63.8896932631451,-0.0392377027262772
"819",8.19,22.2742757943288,-63.9667981405748,-0.0392852160600585
"820",8.2,22.3008404727158,-64.0439005253157,-0.0393327283234817
"821",8.21,22.3274036295217,-64.121000417151,-0.039380239517003
"822",8.22,22.3539652648228,-64.1980978159293,-0.0394277496407633
"823",8.23,22.3805253786953,-64.2751927214673,-0.0394752586944961
"824",8.24,22.4070839712155,-64.3522851335785,-0.0395227666789866
"825",8.25,22.4336410424598,-64.4293750520674,-0.0395702735940793
"826",8.26,22.4601965925044,-64.5064624767732,-0.0396177794396715
"827",8.27,22.4867506214257,-64.5835474074987,-0.0396652842161588
"828",8.28,22.5133031293,-64.6606298440736,-0.0397127879240335
"829",8.29,22.5398541162035,-64.7377097863208,-0.0397602905624981
"830",8.3,22.5664035822128,-64.8147872340414,-0.0398077921328936
"831",8.31,22.592951527404,-64.8918621870717,-0.0398552926344305
"832",8.32,22.6194979518535,-64.9689346452262,-0.0399027920677025
"833",8.33,22.6460428556377,-65.0460046083155,-0.0399502904327664
"834",8.34,22.6725862388329,-65.1230720761671,-0.0399977877300117
"835",8.35,22.6991281015156,-65.2001370485912,-0.0400452839588314
"836",8.36,22.7256684437621,-65.2771995254079,-0.0400927791202842
"837",8.37,22.7522072656487,-65.3542595064588,-0.0401402732138391
"838",8.38,22.7787445672518,-65.4313169915474,-0.0401877662400301
"839",8.39,22.8052803486478,-65.5083719804908,-0.0402352581987148
"840",8.4,22.8318146099133,-65.5854244730984,-0.0402827490906808
"841",8.41,22.8583473511245,-65.6624744692007,-0.040330238915638
"842",8.42,22.884878572358,-65.739521968617,-0.0403777276734753
"843",8.43,22.91140827369,-65.8165669711602,-0.0404252153645749
"844",8.44,22.9379364551971,-65.8936094766626,-0.0404727019888856
"845",8.45,22.9644631169556,-65.9706494849387,-0.040520187546867
"846",8.46,22.990988259042,-66.0476869958001,-0.040567672038814
"847",8.47,23.0175118815327,-66.1247220090886,-0.0406151554646573
"848",8.48,23.0440339845044,-66.2017545245922,-0.040662637824378
"849",8.49,23.0705545680334,-66.2787845421372,-0.0407101191181621
"850",8.5,23.0970736321962,-66.3558120615434,-0.0407575993464139
"851",8.51,23.123591177069,-66.4328370826644,-0.0408050785093667
"852",8.52,23.1501072027286,-66.5098596052924,-0.0408525566063121
"853",8.53,23.1766217092517,-66.5868796292176,-0.0409000336388099
"854",8.54,23.2031346967144,-66.6638971542987,-0.0409475096054145
"855",8.55,23.2296461651933,-66.7409121803473,-0.0409949845076684
"856",8.56,23.256156114765,-66.8179247071808,-0.0410424583448554
"857",8.57,23.282664545506,-66.8949347346241,-0.0410899311179412
"858",8.58,23.3091714574926,-66.9719422625082,-0.0411374028260009
"859",8.59,23.3356768508018,-67.048947290613,-0.0411848734699095
"860",8.6,23.3621807255099,-67.1259498187695,-0.0412323430495923
"861",8.61,23.3886830816932,-67.2029498468427,-0.0412798115653934
"862",8.62,23.4151839194287,-67.2799473745963,-0.0413272790170477
"863",8.63,23.4416832387925,-67.3569424019015,-0.0413747454050734
"864",8.64,23.4681810398617,-67.4339349285241,-0.0414222107294419
"865",8.65,23.4946773227125,-67.5109249543136,-0.0414696749907476
"866",8.66,23.5211720874216,-67.587912479089,-0.0415171381886416
"867",8.67,23.5476653340657,-67.6648975026561,-0.0415646003230422
"868",8.68,23.5741570627209,-67.7418800248852,-0.041612061394662
"869",8.69,23.6006472734646,-67.8188600455068,-0.0416595214034821
"870",8.7,23.6271359663729,-67.8958375644183,-0.0417069803494814
"871",8.71,23.6536231415225,-67.9728125813976,-0.0417544382332131
"872",8.72,23.68010879899,-68.049785096298,-0.0418018950545924
"873",8.73,23.7065929388522,-68.1267551089059,-0.0418493508137347
"874",8.74,23.7330755611856,-68.2037226190499,-0.0418968055103771
"875",8.75,23.7595566660668,-68.2806876265758,-0.0419442591456222
"876",8.76,23.7860362535723,-68.3576501312976,-0.0419917117188029
"877",8.77,23.8125143237793,-68.4346101329952,-0.0420391632303713
"878",8.78,23.8389908767642,-68.5115676315201,-0.0420866136804451
"879",8.79,23.8654659126035,-68.5885226266903,-0.0421340630692126
"880",8.8,23.891939431374,-68.6654751183262,-0.0421815113969275
"881",8.81,23.9184114331524,-68.7424251062588,-0.0422289586635889
"882",8.82,23.9448819180155,-68.819372590277,-0.0422764048689676
"883",8.83,23.9713508860396,-68.8963175702433,-0.0423238500143141
"884",8.84,23.9978183373022,-68.9732600459182,-0.0423712940983623
"885",8.85,24.0242842718792,-69.0502000171878,-0.0424187371222761
"886",8.86,24.0507486898478,-69.1271374838286,-0.0424661790857419
"887",8.87,24.0772115912843,-69.2040724457046,-0.0425136199893847
"888",8.88,24.103672976266,-69.2810049025734,-0.0425610598333492
"889",8.89,24.1301328448693,-69.3579348543094,-0.0426084986165962
"890",8.9,24.156591197171,-69.4348623007071,-0.0426559363410651
"891",8.91,24.183048033248,-69.5117872415855,-0.042703373005227
"892",8.92,24.2095033531769,-69.5887096767748,-0.0427508086104675
"893",8.93,24.2359571570344,-69.6656296061057,-0.0427982431564928
"894",8.94,24.2624094448976,-69.7425470293582,-0.0428456766431345
"895",8.95,24.2888602168428,-69.8194619464249,-0.0428931090709786
"896",8.96,24.3153094729473,-69.896374357047,-0.0429405404402138
"897",8.97,24.3417572132875,-69.9732842611107,-0.0429879707505162
"898",8.98,24.3682034379404,-70.0501916584011,-0.0430354000026301
"899",8.99,24.3946481469829,-70.1270965487381,-0.0430828281965937
"900",9,24.4210913404919,-70.2039989319313,-0.0431302553320761
"901",9.01,24.4475330185437,-70.2808988078522,-0.0431776814093371
"902",9.02,24.4739731812156,-70.3577961762819,-0.0432251064287273
"903",9.03,24.5004118285844,-70.4346910370418,-0.0432725303910433
"904",9.04,24.526848960727,-70.5115833899413,-0.0433199532953023
"905",9.05,24.5532845777199,-70.5884732348517,-0.0433673751420146
"906",9.06,24.5797186796402,-70.6653605715545,-0.0434147959320326
"907",9.07,24.6061512665649,-70.7422453998597,-0.0434622156639611
"908",9.08,24.6325823385706,-70.8191277196295,-0.0435096343396064
"909",9.09,24.6590118957344,-70.896007530656,-0.0435570519587234
"910",9.1,24.685439938133,-70.9728848327773,-0.0436044685201865
"911",9.11,24.7118664658437,-71.0497596257759,-0.0436518840259694
"912",9.12,24.7382914789429,-71.1266319095148,-0.0436992984752103
"913",9.13,24.7647149775078,-71.2035016837998,-0.0437467118677362
"914",9.14,24.7911369616152,-71.280368948458,-0.0437941242046624
"915",9.15,24.8175574313419,-71.3572337033189,-0.0438415354855196
"916",9.16,24.8439763867653,-71.434095948161,-0.043888945710798
"917",9.17,24.8703938279619,-71.5109556828497,-0.0439363548804093
"918",9.18,24.8968097550088,-71.5878129071925,-0.0439837629944086
"919",9.19,24.9232241679829,-71.6646676210238,-0.0440311700532739
"920",9.2,24.9496370669611,-71.7415198241431,-0.0440785760567887
"921",9.21,24.9760484520208,-71.818369516361,-0.044125981005477
"922",9.22,25.0024583232386,-71.8952166975088,-0.0441733848989492
"923",9.23,25.0288666806912,-71.9720613674627,-0.0442207877378594
"924",9.24,25.0552735244561,-72.0489035259663,-0.0442681895225888
"925",9.25,25.0816788546099,-72.1257431729001,-0.0443155902523568
"926",9.26,25.1080826712301,-72.2025803080276,-0.0443629899282032
"927",9.27,25.1344849743933,-72.2794149312147,-0.0444103885501503
"928",9.28,25.1608857641765,-72.3562470422828,-0.0444577861175773
"929",9.29,25.1872850406568,-72.433076641044,-0.0445051826315237
"930",9.3,25.2136828039113,-72.509903727305,-0.0445525780916839
"931",9.31,25.2400790540174,-72.5867283008708,-0.0445999724988876
"932",9.32,25.2664737910513,-72.6635503616223,-0.0446473658517873
"933",9.33,25.2928670150908,-72.740369909333,-0.0446947581518876
"934",9.34,25.3192587262124,-72.8171869438551,-0.0447421493988895
"935",9.35,25.3456489244936,-72.8940014649855,-0.044789539593226
"936",9.36,25.3720376100113,-72.9708134725631,-0.0448369287347645
"937",9.37,25.3984247828427,-73.0476229663814,-0.0448843168233416
"938",9.38,25.4248104430642,-73.1244299463337,-0.0449317038598306
"939",9.39,25.4511945907539,-73.201234412158,-0.0449790898440375
"940",9.4,25.4775772259883,-73.2780363637161,-0.0450264747760651
"941",9.41,25.5039583488446,-73.3548358008379,-0.045073858655944
"942",9.42,25.5303379594002,-73.4316327232999,-0.0451212414843466
"943",9.43,25.5567160577317,-73.5084271309812,-0.0451686232604772
"944",9.44,25.5830926439165,-73.5852190236817,-0.0452160039852663
"945",9.45,25.6094677180319,-73.6620084011989,-0.0452633836590399
"946",9.46,25.6358412801546,-73.7387952634035,-0.0453107622807443
"947",9.47,25.6622133303621,-73.8155796100908,-0.0453581398522176
"948",9.48,25.6885838687318,-73.8923614410413,-0.045405516372331
"949",9.49,25.71495289534,-73.969140756168,-0.0454528918419945
"950",9.5,25.7413204102646,-74.0459175552213,-0.0455002662607153
"951",9.51,25.7676864135826,-74.1226918380474,-0.0455476396291054
"952",9.52,25.7940509053711,-74.1994636044706,-0.0455950119471564
"953",9.53,25.8204138857074,-74.2762328542989,-0.0456423832150324
"954",9.54,25.8467753546687,-74.3529995873549,-0.045689753432496
"955",9.55,25.873135312332,-74.4297638034854,-0.0457371226004678
"956",9.56,25.8994937587743,-74.5065255025271,-0.0457844907186468
"957",9.57,25.9258506940735,-74.5832846842381,-0.0458318577870977
"958",9.58,25.9522061183062,-74.6600413485007,-0.0458792238059713
"959",9.59,25.9785600315503,-74.7367954950699,-0.0459265887756977
"960",9.6,26.0049124338824,-74.8135471238351,-0.0459739526965503
"961",9.61,26.03126332538,-74.8902962345871,-0.0460213155681837
"962",9.62,26.0576127061203,-74.9670428271678,-0.0460686773914186
"963",9.63,26.0839605761805,-75.043786901383,-0.0461160381659649
"964",9.64,26.110306935638,-75.1205284570588,-0.0461633978914024
"965",9.65,26.1366517845698,-75.1972674940372,-0.046210756569053
"966",9.66,26.1629951230536,-75.2740040120958,-0.0462581141983355
"967",9.67,26.1893369511661,-75.3507380111144,-0.0463054707794991
"968",9.68,26.2156772689854,-75.4274694908481,-0.046352826312605
"969",9.69,26.2420160765881,-75.5041984511842,-0.0464001807974996
"970",9.7,26.268353374052,-75.5809248918831,-0.0464475342356345
"971",9.71,26.2946891614538,-75.6576488128307,-0.0464948866258605
"972",9.72,26.3210234388712,-75.7343702138259,-0.0465422379694066
"973",9.73,26.3473562063819,-75.8110890946457,-0.0465895882648143
"974",9.74,26.3736874640622,-75.8878054552133,-0.046636937514178
"975",9.75,26.4000172119904,-75.9645192952646,-0.0466842857159474
"976",9.76,26.4263454502433,-76.04123061466,-0.046731632871763
"977",9.77,26.4526721788988,-76.1179394131837,-0.0467789789804302
"978",9.78,26.4789973980336,-76.194645690715,-0.0468263240424923
"979",9.79,26.5053211077255,-76.2713494470416,-0.0468736680587461
"980",9.8,26.5316433080517,-76.3480506819951,-0.0469210110289181
"981",9.81,26.5579639990895,-76.4247493954027,-0.0469683529535277
"982",9.82,26.5842831809167,-76.5014455870587,-0.047015693831487
"983",9.83,26.6106008536101,-76.5781392568393,-0.0470630336644643
"984",9.84,26.6369170172478,-76.6548304044965,-0.0471103724515698
"985",9.85,26.6632316719066,-76.7315190299116,-0.0471577101931049
"986",9.86,26.6895448176638,-76.8082051329254,-0.0472050468902848
"987",9.87,26.7158564545976,-76.8848887132719,-0.0472523825418054
"988",9.88,26.7421665827847,-76.9615697708571,-0.0472997171482564
"989",9.89,26.7684752023026,-77.0382483054975,-0.0473470507107659
"990",9.9,26.7947823132292,-77.1149243169684,-0.0473943832283328
"991",9.91,26.8210879156417,-77.1915978051188,-0.0474417147012781
"992",9.92,26.8473920096174,-77.2682687697787,-0.0474890451294533
"993",9.93,26.8736945952339,-77.3449372107695,-0.047536374514379
"994",9.94,26.8999956725687,-77.4216031278978,-0.0475837028551958
"995",9.95,26.9262952416988,-77.4982665210447,-0.0476310301518688
"996",9.96,26.9525933027025,-77.5749273899493,-0.0476783564054233
"997",9.97,26.978889855657,-77.6515857344641,-0.04772568161518
"998",9.98,27.0051849006395,-77.72824155444,-0.0477730057813698
"999",9.99,27.0314784377278,-77.804894849672,-0.0478203289047897
"1000",10,27.0577704669992,-77.8815456199994,-0.0478676509849247
"1001",10.01,27.0840609885313,-77.9581938652409,-0.0479149720219623
"1002",10.02,27.1103500024016,-78.0348395852253,-0.0479622920166802
"1003",10.03,27.1366375086877,-78.1114827797746,-0.0480096109688006
"1004",10.04,27.1629235074671,-78.188123448697,-0.0480569288777618
"1005",10.05,27.1892079988172,-78.2647615918438,-0.0481042457444152
"1006",10.06,27.2154909828159,-78.3413972090005,-0.0481515615698738
"1007",10.07,27.2417724595405,-78.4180303000141,-0.0481988763524435
"1008",10.08,27.2680524290682,-78.4946608647448,-0.0482461900942947
"1009",10.09,27.2943308914771,-78.5712889029621,-0.0482935027930385
"1010",10.1,27.3206078468448,-78.6479144144969,-0.0483408144509864
"1011",10.11,27.3468832952487,-78.7245373991736,-0.0483881250677609
"1012",10.12,27.3731572367661,-78.8011578568704,-0.0484354346428036
"1013",10.13,27.3994296714755,-78.8777757872948,-0.0484827431773372
"1014",10.14,27.4257005994534,-78.9543911903933,-0.048530050670851
"1015",10.15,27.4519700207781,-79.031004065923,-0.0485773571229087
"1016",10.16,27.4782379355271,-79.1076144137135,-0.0486246625348346
"1017",10.17,27.5045043437777,-79.1842222336162,-0.0486719669062989
"1018",10.18,27.5307692456079,-79.2608275254268,-0.0487192702371718
"1019",10.19,27.5570326410952,-79.3374302889842,-0.0487665725286098
"1020",10.2,27.5832945303171,-79.4140305241251,-0.0488138737790613
"1021",10.21,27.6095549133516,-79.4906282306313,-0.0488611739903824
"1022",10.22,27.635813790276,-79.5672234083727,-0.0489084731619769
"1023",10.23,27.662071161168,-79.6438160571671,-0.0489557712935591
"1024",10.24,27.6883270261057,-79.7204061767828,-0.0490030683859999
"1025",10.25,27.7145813851663,-79.7969937671056,-0.0490503644386525
"1026",10.26,27.740834238428,-79.8735788279157,-0.0490976594531991
"1027",10.27,27.7670855859675,-79.9501613591102,-0.0491449534280532
"1028",10.28,27.7933354278637,-80.0267413604207,-0.0491922463646174
"1029",10.29,27.8195837641933,-80.1033188317516,-0.0492395382620153
"1030",10.3,27.8458305950347,-80.1798937728632,-0.0492868291212177
"1031",10.31,27.872075920465,-80.2564661836418,-0.0493341189420678
"1032",10.32,27.8983197405628,-80.3330360638336,-0.0493814077244851
"1033",10.33,27.9245620554053,-80.4096034133125,-0.0494286954690914
"1034",10.34,27.9508028650696,-80.4861682319513,-0.049475982176597
"1035",10.35,27.9770421696344,-80.5627305194913,-0.0495232678456104
"1036",10.36,28.0032799691775,-80.6392902757563,-0.0495705524768204
"1037",10.37,28.0295162637761,-80.7158475006201,-0.0496178360703304
"1038",10.38,28.055751053508,-80.79240219391,-0.0496651186270557
"1039",10.39,28.0819843384514,-80.8689543553993,-0.0497124001464658
"1040",10.4,28.1082161186835,-80.9455039849668,-0.0497596806295854
"1041",10.41,28.1344463942827,-81.0220510823933,-0.0498069600752312
"1042",10.42,28.1606751653263,-81.0985956475336,-0.0498542384844144
"1043",10.43,28.1869024318923,-81.1751376802003,-0.0499015158573849
"1044",10.44,28.2131281940582,-81.2516771802412,-0.0499487921937078
"1045",10.45,28.2393524519027,-81.328214147412,-0.0499960674933337
"1046",10.46,28.2655752055024,-81.404748581641,-0.0500433417579489
"1047",10.47,28.2917964549359,-81.4812804826849,-0.0500906149860917
"1048",10.48,28.3180162002813,-81.5578098503299,-0.0501378871785731
"1049",10.49,28.3442344416155,-81.6343366845073,-0.0501851583351342
"1050",10.5,28.3704511790171,-81.7108609849585,-0.0502324284568276
"1051",10.51,28.3966664125637,-81.7873827515356,-0.0502796975432666
"1052",10.52,28.4228801423331,-81.863901984072,-0.0503269655939781
"1053",10.53,28.4490923684032,-81.9404186823859,-0.0503742326100111
"1054",10.54,28.4753030908521,-82.0169328462889,-0.050421498591206
"1055",10.55,28.5015123097573,-82.0934444756229,-0.0504687635379708
"1056",10.56,28.5277200251968,-82.1699535702263,-0.0505160274497046
"1057",10.57,28.5539262372484,-82.2464601299133,-0.0505632903273411
"1058",10.58,28.5801309459908,-82.3229641544338,-0.0506105521710868
"1059",10.59,28.6063341515006,-82.3994656437564,-0.050657812980391
"1060",10.6,28.6325358538564,-82.4759645976183,-0.0507050727561504
"1061",10.61,28.6587360531363,-82.5524610158421,-0.0507523314972449
"1062",10.62,28.6849347494184,-82.6289548982214,-0.0507995892061885
"1063",10.63,28.7111319427794,-82.7054462447152,-0.0508468458802806
"1064",10.64,28.7373276332984,-82.7819350550352,-0.050894101521884
"1065",10.65,28.7635218210535,-82.858421328983,-0.0509413561301077
"1066",10.66,28.7897145061216,-82.9349050664909,-0.0509886097052681
"1067",10.67,28.8159056885817,-83.0113862672781,-0.0510358622476757
"1068",10.68,28.8420953685109,-83.0878649312602,-0.051083113757641
"1069",10.69,28.8682835459871,-83.1643410582637,-0.0511303642344708
"1070",10.7,28.8944702210895,-83.2408146480008,-0.0511776136792437
"1071",10.71,28.9206553938953,-83.3172857003739,-0.0512248620921269
"1072",10.72,28.9468390644821,-83.3937542152437,-0.0512721094722711
"1073",10.73,28.9730212329289,-83.4702201923479,-0.0513193558213914
"1074",10.74,28.9992018993126,-83.5466836315952,-0.0513666011382111
"1075",10.75,29.0253810637118,-83.6231445327773,-0.0514138454231108
"1076",10.76,29.0515587262049,-83.6996028956726,-0.0514610886771162
"1077",10.77,29.0777348868691,-83.7760587201903,-0.0515083308995189
"1078",10.78,29.1039095457829,-83.8525120061051,-0.05155557209076
"1079",10.79,29.1300827030245,-83.9289627532377,-0.0516028122510496
"1080",10.8,29.1562543586712,-84.0054109614779,-0.0516500513809847
"1081",10.81,29.1824245128017,-84.0818566305853,-0.0516972894788152
"1082",10.82,29.2085931654936,-84.1582997604339,-0.0517445265478379
"1083",10.83,29.2347603168259,-84.234740350765,-0.051791762585647
"1084",10.84,29.260925966876,-84.3111784014655,-0.0518389975935281
"1085",10.85,29.2870901157218,-84.3876139123774,-0.0518862315704155
"1086",10.86,29.3132527634413,-84.4640468833315,-0.0519334645179206
"1087",10.87,29.3394139101134,-84.5404773140916,-0.0519806964366686
"1088",10.88,29.3655735558157,-84.6169052045057,-0.0520279273244739
"1089",10.89,29.3917317006261,-84.6933305544393,-0.0520751571837648
"1090",10.9,29.4178883446226,-84.7697533637153,-0.0521223860121357
"1091",10.91,29.4440434878841,-84.8461736320981,-0.0521696138124096
"1092",10.92,29.4701971304886,-84.9225913594258,-0.0522168405839299
"1093",10.93,29.496349272513,-84.9990065456284,-0.0522640663265944
"1094",10.94,29.5224999140364,-85.0754191904463,-0.0523112910401648
"1095",10.95,29.5486490551376,-85.1518292936566,-0.0523585147256056
"1096",10.96,29.5747966958937,-85.2282368551691,-0.0524057373822704
"1097",10.97,29.6009428363829,-85.3046418748026,-0.0524529590108325
"1098",10.98,29.6270874766838,-85.3810443523575,-0.0525001796114681
"1099",10.99,29.6532306168745,-85.4574442876676,-0.0525473991832623
"1100",11,29.6793722570329,-85.5338416805695,-0.052594617729199
"1101",11.01,29.7055123972376,-85.6102365308562,-0.0526418352456185
"1102",11.02,29.7316510375663,-85.6866288384072,-0.0526890517358186
"1103",11.03,29.7577881780978,-85.7630186029832,-0.0527362671980374
"1104",11.04,29.78392381891,-85.8394058244457,-0.0527834816325076
"1105",11.05,29.8100579600808,-85.9157905026513,-0.052830695041554
"1106",11.06,29.8361906016891,-85.9921726373577,-0.0528779074224269
"1107",11.07,29.862321743812,-86.0685522284995,-0.0529251187768975
"1108",11.08,29.8884513865289,-86.1449292757939,-0.0529723291052288
"1109",11.09,29.9145795299177,-86.2213037790961,-0.0530195384067666
"1110",11.1,29.9407061740568,-86.2976757382233,-0.0530667466821509
"1111",11.11,29.9668313190237,-86.374045153071,-0.0531139539313514
"1112",11.12,29.9929549648975,-86.4504120233867,-0.0531611601552597
"1113",11.13,30.0190771117558,-86.5267763490458,-0.0532083653524809
"1114",11.14,30.0451977596772,-86.6031381298651,-0.0532555695243644
"1115",11.15,30.0713169087399,-86.6794973656706,-0.0533027726714665
"1116",11.16,30.0974345590228,-86.7558540562245,-0.0533499747925217
"1117",11.17,30.123550710603,-86.8322082014751,-0.0533971758881039
"1118",11.18,30.1496653635599,-86.9085598011462,-0.0534443759593882
"1119",11.19,30.1757785179709,-86.9849088551369,-0.0534915750061075
"1120",11.2,30.2018901739151,-87.0612553632189,-0.0535387730274678
"1121",11.21,30.22800033147,-87.1375993252696,-0.0535859700242307
"1122",11.22,30.2541089907149,-87.2139407410488,-0.0536331659973277
"1123",11.23,30.2802161517276,-87.2902796104252,-0.0536803609455028
"1124",11.24,30.3063218145864,-87.3666159332301,-0.0537275548695363
"1125",11.25,30.3324259793694,-87.4429497093087,-0.0537747477692914
"1126",11.26,30.3585286461554,-87.5192809384439,-0.0538219396467302
"1127",11.27,30.3846298150226,-87.5956096204863,-0.0538691304991186
"1128",11.28,30.4107294860495,-87.6719357552448,-0.0539163203286522
"1129",11.29,30.4368276593144,-87.7482593425565,-0.0539635091339139
"1130",11.3,30.4629243348955,-87.824580382264,-0.0540106969177417
"1131",11.31,30.4890195128715,-87.9008988741608,-0.0540578836775266
"1132",11.32,30.5151131933206,-87.9772148181002,-0.0541050694151723
"1133",11.33,30.5412053763208,-88.0535282139319,-0.0541522541289682
"1134",11.34,30.5672960619514,-88.1298390614171,-0.0541994378213193
"1135",11.35,30.5933852502895,-88.2061473604953,-0.0542466204901613
"1136",11.36,30.6194729414152,-88.2824531108328,-0.0542938021371971
"1137",11.37,30.6455591354053,-88.3587563124178,-0.0543409827620856
"1138",11.38,30.6716438323399,-88.4350569649158,-0.0543881623654943
"1139",11.39,30.6977270322957,-88.5113550683215,-0.0544353409466628
"1140",11.4,30.7238087353519,-88.5876506223837,-0.0544825185070187
"1141",11.41,30.7498889415877,-88.663943626872,-0.0545296950446799
"1142",11.42,30.77596765108,-88.7402340817386,-0.054576870561094
"1143",11.43,30.8020448639091,-88.816521986664,-0.0546240450574643
"1144",11.44,30.828120580152,-88.8928073415995,-0.0546712185325265
"1145",11.45,30.8541947998875,-88.9690901463358,-0.0547183909862943
"1146",11.46,30.8802675231947,-89.0453704006615,-0.054765562420823
"1147",11.47,30.9063387501509,-89.1216481044972,-0.0548127328322351
"1148",11.48,30.9324084808357,-89.1979232575741,-0.0548599022246957
"1149",11.49,30.9584767153273,-89.2741958597589,-0.0549070705966078
"1150",11.5,30.9845434537039,-89.3504659108854,-0.0549542379487528
"1151",11.51,31.0106086960448,-89.4267334107269,-0.0550014042818403
"1152",11.52,31.0366724424274,-89.5029983592052,-0.0550485695931778
"1153",11.53,31.062734692931,-89.5792607560844,-0.0550957338867948
"1154",11.54,31.0887954476344,-89.6555206011634,-0.0551428971598231
"1155",11.55,31.1148547066148,-89.7317778943926,-0.055190059414297
"1156",11.56,31.1409124699525,-89.8080326354469,-0.0552372206480878
"1157",11.57,31.1669687377245,-89.8842848242872,-0.0552843808644341
"1158",11.58,31.1930235100108,-89.9605344606116,-0.0553315400607857
"1159",11.59,31.2190767868886,-90.0367815443731,-0.0553786982388172
"1160",11.6,31.2451285684373,-90.1130260753264,-0.0554258553990731
"1161",11.61,31.2711788547346,-90.1892680533718,-0.0554730115397468
"1162",11.62,31.2972276458603,-90.2655074782418,-0.0555201666633996
"1163",11.63,31.3232749418926,-90.3417443497883,-0.0555673207689868
"1164",11.64,31.3493207429097,-90.4179786678805,-0.0556144738551124
"1165",11.65,31.3753650489903,-90.4942104323409,-0.0556616259257082
"1166",11.66,31.401407860214,-90.5704396429025,-0.0557087769764578
"1167",11.67,31.4274491766582,-90.6466662995068,-0.0557559270116742
"1168",11.68,31.4534889984016,-90.7228904019739,-0.055803076028005
"1169",11.69,31.4795273255231,-90.7991119501104,-0.0558502240283789
"1170",11.7,31.5055641581016,-90.8753309437147,-0.0558973710101815
"1171",11.71,31.5315994962151,-90.9515473826755,-0.0559445169767678
"1172",11.72,31.5576333399433,-91.0277612667381,-0.0559916619262271
"1173",11.73,31.5836656893638,-91.1039725958096,-0.0560388058587343
"1174",11.74,31.609696544556,-91.1801813696672,-0.0560859487753176
"1175",11.75,31.6357259055979,-91.2563875881856,-0.056133090675702
"1176",11.76,31.661753772569,-91.3325912511249,-0.0561802315599882
"1177",11.77,31.6877801455473,-91.4087923583843,-0.0562273714274975
"1178",11.78,31.7138050246116,-91.4849909097668,-0.0562745102805935
"1179",11.79,31.7398284098413,-91.5611869050549,-0.0563216481167362
"1180",11.8,31.7658503013138,-91.6373803441741,-0.0563687849391971
"1181",11.81,31.7918706991091,-91.7135712268518,-0.0564159207446254
"1182",11.82,31.8178896033053,-91.7897595529697,-0.0564630555361972
"1183",11.83,31.8439070139809,-91.865945322377,-0.0565101893116054
"1184",11.84,31.8699229312157,-91.942128534807,-0.0565573220733792
"1185",11.85,31.8959373550867,-92.0183091902401,-0.0566044538208738
"1186",11.86,31.9219502856742,-92.0944872883708,-0.0566515845517617
"1187",11.87,31.9479617230559,-92.1706628291123,-0.0566987142695859
"1188",11.88,31.973971667311,-92.2468358122635,-0.0567458429731912
"1189",11.89,31.9999801185184,-92.323006237635,-0.05679297066311
"1190",11.9,32.0259870767574,-92.3991741050169,-0.0568400973379672
"1191",11.91,32.0519925421047,-92.475339414403,-0.0568872229998037
"1192",11.92,32.0779965146417,-92.551502165412,-0.0569343476486308
"1193",11.93,32.1039989944457,-92.6276623579993,-0.0569814712830951
"1194",11.94,32.1299999815957,-92.7038199919749,-0.0570285939046921
"1195",11.95,32.1559994761708,-92.7799750671346,-0.0570757155136688
"1196",11.96,32.1819974782492,-92.856127583367,-0.0571228361087165
"1197",11.97,32.2079939879107,-92.9322775404114,-0.0571699556910941
"1198",11.98,32.2339890052331,-93.0084249381898,-0.0572170742615558
"1199",11.99,32.2599825302959,-93.0845697764718,-0.0572641918195055
"1200",12,32.2859745631771,-93.1607120551604,-0.0573113083638488
"1201",12.01,32.3119651039563,-93.2368517740172,-0.0573584238967944
"1202",12.02,32.3379541527128,-93.3129889328297,-0.0574055384174071
"1203",12.03,32.3639417095241,-93.3891235315468,-0.0574526519269415
"1204",12.04,32.3899277744707,-93.465255569859,-0.0574997644238588
"1205",12.05,32.4159123476296,-93.5413850477563,-0.0575468759101611
"1206",12.06,32.4418954290818,-93.6175119648815,-0.0575939863840632
"1207",12.07,32.4678770189037,-93.6936363212729,-0.0576410958468146
"1208",12.08,32.493857117176,-93.7697581166118,-0.0576882042992456
"1209",12.09,32.5198357239773,-93.8458773507456,-0.0577353117402419
"1210",12.1,32.5458128393867,-93.9219940234988,-0.057782418170572
"1211",12.11,32.571788463482,-93.9981081347879,-0.0578295235897633
"1212",12.12,32.597762596343,-94.0742196843584,-0.0578766279994906
"1213",12.13,32.6237352380484,-94.1503286720746,-0.0579237313977499
"1214",12.14,32.6497063886777,-94.226435097703,-0.0579708337863891
"1215",12.15,32.6756760483086,-94.3025389611897,-0.0580179351664186
"1216",12.16,32.7016442170206,-94.3786402623016,-0.0580650355342071
"1217",12.17,32.7276108948938,-94.4547390007907,-0.0581121348937493
"1218",12.18,32.7535760820054,-94.5308351766188,-0.0581592332428017
"1219",12.19,32.779539778435,-94.6069287895635,-0.0582063305825097
"1220",12.2,32.8055019842619,-94.6830198394339,-0.0582534269133695
"1221",12.21,32.8314626995648,-94.7591083260811,-0.0583005222356926
"1222",12.22,32.8574219244236,-94.8351942492473,-0.0583476165475657
"1223",12.23,32.8833796589142,-94.9112776090287,-0.058394709852975
"1224",12.24,32.9093359031199,-94.9873584048976,-0.058441802147988
"1225",12.25,32.9352906571161,-95.063436636976,-0.058488893434079
"1226",12.26,32.9612439209841,-95.1395123049017,-0.0585359837132063
"1227",12.27,32.9871956948025,-95.2155854085537,-0.0585830729842724
"1228",12.28,33.0131459786487,-95.2916559478753,-0.0586301612463043
"1229",12.29,33.0390947726039,-95.3677239225283,-0.05867724850096
"1230",12.3,33.0650420767458,-95.4437893324579,-0.0587243347479275
"1231",12.31,33.0909878911537,-95.5198521774585,-0.0587714199869769
"1232",12.32,33.1169322159066,-95.5959124573733,-0.0588185042189539
"1233",12.33,33.1428750510843,-95.6719701719631,-0.0588655874444301
"1234",12.34,33.1688163967649,-95.7480253211457,-0.0589126696627267
"1235",12.35,33.1947562530276,-95.8240779047266,-0.0589597508721085
"1236",12.36,33.2206946199513,-95.9001279225644,-0.059006831076244
"1237",12.37,33.2466314976168,-95.9761753743429,-0.0590539102748052
"1238",12.38,33.2725668861006,-96.0522202600941,-0.0591009884664979
"1239",12.39,33.2985007854833,-96.128262579538,-0.0591480656512418
"1240",12.4,33.3244331958441,-96.2043023324944,-0.0591951418294608
"1241",12.41,33.3503641172607,-96.2803395188929,-0.0592422170021477
"1242",12.42,33.376293549814,-96.3563741384398,-0.0592892911694813
"1243",12.43,33.4022214935821,-96.4324061910283,-0.0593363643301498
"1244",12.44,33.4281479486452,-96.5084356764168,-0.059383436485954
"1245",12.45,33.4540729150813,-96.5844625945136,-0.059430507637259
"1246",12.46,33.4799963929691,-96.6604869451937,-0.0594775777819244
"1247",12.47,33.5059183823879,-96.736508728268,-0.0595246469210519
"1248",12.48,33.5318388834184,-96.8125279434442,-0.059571715057843
"1249",12.49,33.5577578961391,-96.8885445906115,-0.0596187821878035
"1250",12.5,33.5836754206283,-96.9645586696563,-0.0596658483143562
"1251",12.51,33.6095914569647,-97.0405701804521,-0.0597129134357842
"1252",12.52,33.6355060052289,-97.1165791227249,-0.0597599775519977
"1253",12.53,33.6614190654994,-97.1925854963483,-0.0598070406656071
"1254",12.54,33.6873306378575,-97.268589300983,-0.0598541027744347
"1255",12.55,33.7132407223779,-97.3445905368172,-0.0599011638808161
"1256",12.56,33.7391493191443,-97.4205892033344,-0.0599482239830544
"1257",12.57,33.7650564282328,-97.4965853006029,-0.0599952830798688
"1258",12.58,33.790962049724,-97.5725788283459,-0.0600423411757363
"1259",12.59,33.8168661836977,-97.648569786349,-0.0600893982670699
"1260",12.6,33.8427688302316,-97.7245581745518,-0.0601364543573912
"1261",12.61,33.8686699894059,-97.8005439927309,-0.0601835094417996
"1262",12.62,33.8945696612992,-97.8765272407444,-0.0602305635259531
"1263",12.63,33.9204678459911,-97.952507918409,-0.0602776166070935
"1264",12.64,33.9463645435612,-98.0284860255215,-0.0603246686853733
"1265",12.65,33.9722597540883,-98.1044615619481,-0.0603717197608737
"1266",12.66,33.998153477651,-98.1804345275845,-0.0604187698347923
"1267",12.67,34.0240457143304,-98.2564049221013,-0.0604658189063058
"1268",12.68,34.049936464205,-98.3323727453904,-0.06051286697714
"1269",12.69,34.0758257273525,-98.408337997424,-0.0605599140456904
"1270",12.7,34.1017135038547,-98.4843006778178,-0.0606069601124251
"1271",12.71,34.1275997937895,-98.5602607865248,-0.0606540051793566
"1272",12.72,34.1534845972358,-98.6362183233925,-0.0607010492446008
"1273",12.73,34.1793679142739,-98.7121732881914,-0.0607480923083822
"1274",12.74,34.2052497449826,-98.7881256807808,-0.0607951343713723
"1275",12.75,34.2311300894417,-98.8640755009641,-0.060842175433117
"1276",12.76,34.2570089477291,-98.9400227486748,-0.0608892154953866
"1277",12.77,34.2828863199259,-99.0159674236068,-0.060936254556665
"1278",12.78,34.3087622061107,-99.091909525656,-0.0609832926173127
"1279",12.79,34.3346366063622,-99.1678490546952,-0.0610303296800529
"1280",12.8,34.3605095207613,-99.2437860104467,-0.0610773657407436
"1281",12.81,34.3863809493863,-99.3197203928097,-0.0611244008023101
"1282",12.82,34.4122508923165,-99.3956522016272,-0.0611714348647112
"1283",12.83,34.4381193496306,-99.4715814367845,-0.061218467927799
"1284",12.84,34.46398632141,-99.5475080979534,-0.0612654999909615
"1285",12.85,34.4898518077325,-99.6234321850933,-0.0613125310556274
"1286",12.86,34.5157158086787,-99.6993536979346,-0.0613595611214066
"1287",12.87,34.5415783243263,-99.7752726364506,-0.0614065901872233
"1288",12.88,34.5674393547567,-99.8511890002993,-0.0614536182555056
"1289",12.89,34.5932989000473,-99.9271027894836,-0.0615006453241106
"1290",12.9,34.6191569602779,-100.003014003805,-0.061547671395576
"1291",12.91,34.6450135355293,-100.078922642978,-0.0615946964677372
"1292",12.92,34.6708686258803,-100.154828706894,-0.0616417205435885
"1293",12.93,34.6967222314102,-100.230732195391,-0.0616887436187066
"1294",12.94,34.7225743521967,-100.306633108426,-0.0617357656983305
"1295",12.95,34.7484249883227,-100.382531445581,-0.061782786781148
"1296",12.96,34.7742741398648,-100.458427206898,-0.0618298068658193
"1297",12.97,34.8001218069049,-100.534320392018,-0.0618768259529172
"1298",12.98,34.825967989519,-100.610211001045,-0.0619238440427474
"1299",12.99,34.8518126877905,-100.68609903351,-0.0619708611357478
"1300",13,34.8776559017963,-100.761984489432,-0.0620178772319529
"1301",13.01,34.9034976316166,-100.837867368605,-0.0620648923314709
"1302",13.02,34.9293378773302,-100.913747670899,-0.0621119064357359
"1303",13.03,34.9551766390182,-100.989625396034,-0.0621589195425862
"1304",13.04,34.9810139167587,-101.065500543946,-0.0622059316538865
"1305",13.05,35.0068497106315,-101.141373114437,-0.0622529427679745
"1306",13.06,35.0326840207178,-101.217243107228,-0.0622999528863396
"1307",13.07,35.0585168470943,-101.293110522342,-0.062346962010745
"1308",13.08,35.0843481898414,-101.368975359566,-0.0623939701390207
"1309",13.09,35.1101780490405,-101.444837618583,-0.0624409772708474
"1310",13.1,35.1360064247685,-101.52069729942,-0.0624879834091093
"1311",13.11,35.1618333171071,-101.596554401756,-0.0625349885512137
"1312",13.12,35.1876587261345,-101.672408925524,-0.062581992699159
"1313",13.13,35.2134826519308,-101.748260870504,-0.0626289958528636
"1314",13.14,35.239305094576,-101.824110236511,-0.0626759980113194
"1315",13.15,35.2651260541475,-101.89995702353,-0.0627229991735503
"1316",13.16,35.2909455307279,-101.975801231171,-0.062769999342185
"1317",13.17,35.3167635243948,-102.051642859419,-0.0628169985191932
"1318",13.18,35.3425800352293,-102.127481907986,-0.0628639966998979
"1319",13.19,35.3683950633093,-102.203318376833,-0.0629109938884813
"1320",13.2,35.3942086087152,-102.279152265739,-0.062957990082256
"1321",13.21,35.4200206715265,-102.35498357454,-0.0630049852825957
"1322",13.22,35.4458312518242,-102.430812302959,-0.0630519794896985
"1323",13.23,35.471640349685,-102.506638451058,-0.0630989727040255
"1324",13.24,35.4974479651907,-102.58246201851,-0.0631459649248485
"1325",13.25,35.5232540984196,-102.658283005234,-0.063192956153362
"1326",13.26,35.5490587494537,-102.734101410896,-0.0632399463880656
"1327",13.27,35.5748619183709,-102.809917235451,-0.0632869356309034
"1328",13.28,35.6006636052494,-102.885730478854,-0.063333923881817
"1329",13.29,35.6264638101713,-102.961541140743,-0.0633809111418606
"1330",13.3,35.6522625332164,-103.037349220943,-0.0634278974073279
"1331",13.31,35.6780597744624,-103.113154719439,-0.0634748826822152
"1332",13.32,35.7038555339908,-103.188957635924,-0.0635218669645756
"1333",13.33,35.7296498118784,-103.264757970454,-0.0635688502554281
"1334",13.34,35.7554426082094,-103.340555722511,-0.0636158325561786
"1335",13.35,35.7812339230605,-103.416350892168,-0.0636628138636203
"1336",13.36,35.8070237565119,-103.492143479207,-0.0637097941813825
"1337",13.37,35.8328121086422,-103.567933483552,-0.0637567735073888
"1338",13.38,35.8585989795342,-103.643720904805,-0.0638037518431906
"1339",13.39,35.8843843692653,-103.719505742976,-0.0638507291892521
"1340",13.4,35.9101682779153,-103.795287997884,-0.0638977055432262
"1341",13.41,35.9359507055644,-103.871067669334,-0.0639446809064211
"1342",13.42,35.961731652292,-103.94684475718,-0.0639916552812118
"1343",13.43,35.9875111181774,-104.022619261291,-0.0640386286654415
"1344",13.44,36.0132891033021,-104.098391181371,-0.0640856010598161
"1345",13.45,36.0390656077441,-104.174160517381,-0.064132572463842
"1346",13.46,36.0648406315849,-104.249927269038,-0.0641795428796394
"1347",13.47,36.0906141749025,-104.32569143629,-0.0642265123046277
"1348",13.48,36.1163862377774,-104.401453018927,-0.0642734807391273
"1349",13.49,36.1421568202902,-104.477212016716,-0.0643204481871676
"1350",13.5,36.1679259225194,-104.552968429594,-0.0643674146449746
"1351",13.51,36.1936935445446,-104.628722257406,-0.0644143801147355
"1352",13.52,36.2194596864478,-104.704473499818,-0.0644613445952676
"1353",13.53,36.2452243483062,-104.780222156863,-0.0645083080886401
"1354",13.54,36.2709875302009,-104.855968228272,-0.0645552705929251
"1355",13.55,36.2967492322123,-104.931711713849,-0.0646022321093427
"1356",13.56,36.322509454418,-105.007452613576,-0.0646491926368595
"1357",13.57,36.3482681968999,-105.083190927152,-0.0646961521758608
"1358",13.58,36.3740254597387,-105.158926654329,-0.0647431107301644
"1359",13.59,36.3997812430117,-105.234659795146,-0.0647900682940802
"1360",13.6,36.4255355467985,-105.310390349442,-0.0648370248712263
"1361",13.61,36.4512883711813,-105.386118316884,-0.0648839804633804
"1362",13.62,36.4770397162402,-105.461843697294,-0.0649309350658407
"1363",13.63,36.5027895820524,-105.537566490689,-0.0649778886833357
"1364",13.64,36.5285379687004,-105.613286696727,-0.0650248413121519
"1365",13.65,36.5542848762627,-105.689004315327,-0.0650717929557854
"1366",13.66,36.5800303048181,-105.764719346413,-0.0651187436142729
"1367",13.67,36.6057742544495,-105.840431789595,-0.0651656932838017
"1368",13.68,36.6315167252345,-105.916141644883,-0.0652126419680041
"1369",13.69,36.6572577172534,-105.991848912072,-0.0652595896662699
"1370",13.7,36.6829972305868,-106.067553590953,-0.0653065363801114
"1371",13.71,36.7087352653141,-106.143255681401,-0.0653534821077056
"1372",13.72,36.7344718215145,-106.218955183294,-0.0654004268497472
"1373",13.73,36.7602068992686,-106.294652096425,-0.0654473706070996
"1374",13.74,36.7859404986578,-106.37034642052,-0.0654943133775092
"1375",13.75,36.8116726197609,-106.446038155493,-0.0655412551642015
"1376",13.76,36.8374032626559,-106.521727301324,-0.0655881959653356
"1377",13.77,36.8631324274267,-106.597413857559,-0.0656351357825262
"1378",13.78,36.8888601141492,-106.673097824332,-0.0656820746151068
"1379",13.79,36.9145863229058,-106.748779201301,-0.0657290124634274
"1380",13.8,36.9403110537777,-106.824457988206,-0.0657759493269562
"1381",13.81,36.9660343068416,-106.900134185121,-0.0658228852068494
"1382",13.82,36.9917560821784,-106.975807791816,-0.0658698201022729
"1383",13.83,37.0174763798687,-107.051478808085,-0.0659167540156235
"1384",13.84,37.0431951999941,-107.127147233639,-0.0659636869445301
"1385",13.85,37.0689125426318,-107.202813068526,-0.0660106188885685
"1386",13.86,37.0946284078641,-107.278476312409,-0.0660575498500592
"1387",13.87,37.1203427957693,-107.354136965248,-0.0661044798308699
"1388",13.88,37.1460557064291,-107.429795026754,-0.0661514088271173
"1389",13.89,37.17176713992,-107.505450497027,-0.0661983368396933
"1390",13.9,37.1974770963263,-107.581103375583,-0.0662452638712142
"1391",13.91,37.2231855757275,-107.656753662302,-0.0662921899197308
"1392",13.92,37.248892578201,-107.732401357202,-0.0663391149859174
"1393",13.93,37.2745981038289,-107.808046459982,-0.0663860390705155
"1394",13.94,37.30030215269,-107.883688970565,-0.0664329621717366
"1395",13.95,37.3260047248649,-107.959328888745,-0.0664798842910385
"1396",13.96,37.351705820435,-108.034966214261,-0.0665268054287444
"1397",13.97,37.3774054394798,-108.110600946991,-0.0665737255849831
"1398",13.98,37.4031035820775,-108.186233086908,-0.0666206447614413
"1399",13.99,37.4288002483098,-108.26186263373,-0.0666675629572319
"1400",14,37.4544954382567,-108.337489587301,-0.0667144801692076
"1401",14.01,37.4801891519984,-108.413113947441,-0.0667613964008399
"1402",14.02,37.5058813896141,-108.488735714066,-0.0668083116548988
"1403",14.03,37.5315721511857,-108.564354886868,-0.0668552259253593
"1404",14.04,37.5572614367907,-108.639971465878,-0.0669021392159796
"1405",14.05,37.5829492465128,-108.715585450681,-0.0669490515251008
"1406",14.06,37.6086355804291,-108.79119684132,-0.0669959628578989
"1407",14.07,37.6343204386201,-108.866805637608,-0.0670428732061263
"1408",14.08,37.660003821167,-108.942411839306,-0.067089782577686
"1409",14.09,37.6856857281488,-109.018015446335,-0.0671366909679584
"1410",14.1,37.7113661596481,-109.09361645835,-0.0671835983795572
"1411",14.11,37.7370451157422,-109.169214875399,-0.0672305048119515
"1412",14.12,37.7627225965128,-109.244810697201,-0.0672774102652254
"1413",14.13,37.7883986020402,-109.320403923585,-0.0673243147394776
"1414",14.14,37.8140731324035,-109.395994554471,-0.0673712182349012
"1415",14.15,37.8397461876832,-109.471582589656,-0.0674181207524189
"1416",14.16,37.8654177679606,-109.547168028921,-0.0674650222890164
"1417",14.17,37.8910878733161,-109.622750872064,-0.0675119228497781
"1418",14.18,37.9167565038276,-109.698331119102,-0.0675588224315742
"1419",14.19,37.9424236595751,-109.773908769878,-0.0676057210342555
"1420",14.2,37.9680893406424,-109.849483823975,-0.0676526186593041
"1421",14.21,37.9937535471089,-109.925056281293,-0.0676995153082745
"1422",14.22,38.0194162790514,-110.000626141903,-0.0677464109786038
"1423",14.23,38.0450775365531,-110.076193405434,-0.0677933056710588
"1424",14.24,38.0707373196954,-110.151758071646,-0.067840199386948
"1425",14.25,38.0963956285546,-110.227320140653,-0.067887092125742
"1426",14.26,38.1220524632142,-110.302879612051,-0.0679339838892768
"1427",14.27,38.1477078237524,-110.378436485831,-0.0679808746725141
"1428",14.28,38.1733617102506,-110.453990761755,-0.0680277644836787
"1429",14.29,38.1990141227892,-110.529542439641,-0.0680746533147049
"1430",14.3,38.2246650614482,-110.605091519344,-0.0681215411704719
"1431",14.31,38.2503145263078,-110.680638000717,-0.0681684280502418
"1432",14.32,38.2759625174489,-110.756181883548,-0.0682153139537761
"1433",14.33,38.3016090349496,-110.831723167818,-0.0682621988814743
"1434",14.34,38.3272540788933,-110.907261853165,-0.0683090828336069
"1435",14.35,38.3528976493602,-110.982797939416,-0.0683559658094119
"1436",14.36,38.3785397464279,-111.058331426612,-0.0684028478116073
"1437",14.37,38.4041803701786,-111.133862314452,-0.0684497288386077
"1438",14.38,38.4298195206906,-111.209390602909,-0.068496608888728
"1439",14.39,38.4554571980481,-111.284916291562,-0.0685434879667884
"1440",14.4,38.4810934023267,-111.360439380562,-0.0685903660656858
"1441",14.41,38.5067281336136,-111.435959869288,-0.0686372431935879
"1442",14.42,38.532361391981,-111.511477758128,-0.0686841193478512
"1443",14.43,38.5579931775165,-111.586993046425,-0.0687309945252739
"1444",14.44,38.5836234902927,-111.662505734552,-0.0687778687311688
"1445",14.45,38.6092523303978,-111.738015821799,-0.0688247419617339
"1446",14.46,38.6348796979072,-111.813523308358,-0.0688716142165017
"1447",14.47,38.6605055929026,-111.88902819396,-0.0689184854995016
"1448",14.48,38.6861300154653,-111.964530478394,-0.0689653558082974
"1449",14.49,38.7117529656755,-112.040030161501,-0.0690122251462243
"1450",14.5,38.7373744436138,-112.115527243105,-0.0690590935085378
"1451",14.51,38.7629944493568,-112.191021723307,-0.0691059608977435
"1452",14.52,38.7886129829916,-112.266513601487,-0.0691528273185564
"1453",14.53,38.8142300445936,-112.342002877826,-0.0691996927624564
"1454",14.54,38.8398456342447,-112.417489552059,-0.0692465572339254
"1455",14.55,38.8654597520258,-112.492973623986,-0.0692934207338711
"1456",14.56,38.891072398017,-112.56845509348,-0.0693402832607289
"1457",14.57,38.9166835722974,-112.643933960452,-0.0693871448171905
"1458",14.58,38.9422932749512,-112.719410224504,-0.0694340054011883
"1459",14.59,38.9679015060547,-112.794883885737,-0.069480865014411
"1460",14.6,38.9935082656914,-112.8703549438,-0.0695277236548856
"1461",14.61,39.0191135539396,-112.945823398662,-0.0695745813242556
"1462",14.62,39.0447173708811,-113.021289250075,-0.0696214380232703
"1463",14.63,39.0703197165942,-113.096752498031,-0.0696682937508681
"1464",14.64,39.0959205911636,-113.172213142078,-0.0697151485073353
"1465",14.65,39.1215199946646,-113.247671182408,-0.0697620022932602
"1466",14.66,39.147117927182,-113.323126618558,-0.0698088551063283
"1467",14.67,39.1727143887961,-113.398579450381,-0.0698557069507725
"1468",14.68,39.1983093795843,-113.474029677939,-0.0699025578247794
"1469",14.69,39.2239028996288,-113.549477300944,-0.0699494077305517
"1470",14.7,39.2494949490117,-113.624922319124,-0.0699962566636864
"1471",14.71,39.2750855278128,-113.700364732375,-0.0700431046300529
"1472",14.72,39.3006746361093,-113.775804540758,-0.0700899516227082
"1473",14.73,39.3262622739855,-113.851241743848,-0.0701367976486331
"1474",14.74,39.351848441521,-113.926676341561,-0.070183642705453
"1475",14.75,39.3774331387951,-114.002108333811,-0.0702304867930241
"1476",14.76,39.4030163658917,-114.07753772021,-0.0702773299097585
"1477",14.77,39.4285981228892,-114.152964500745,-0.0703241720588022
"1478",14.78,39.4541784098669,-114.228388675339,-0.0703710132397879
"1479",14.79,39.4797572269042,-114.30381024391,-0.0704178534514564
"1480",14.8,39.5053345740887,-114.379229205819,-0.0704646926930056
"1481",14.81,39.530910451493,-114.45464556145,-0.0705115309690161
"1482",14.82,39.5564848592032,-114.530059310259,-0.0705583682779037
"1483",14.83,39.5820577972962,-114.605470452339,-0.0706052046180256
"1484",14.84,39.6076292658566,-114.680878987267,-0.0706520399877928
"1485",14.85,39.6331992649598,-114.756284915223,-0.070698874392442
"1486",14.86,39.6587677946908,-114.83168823575,-0.0707457078308397
"1487",14.87,39.6843348551303,-114.907088948685,-0.0707925402991176
"1488",14.88,39.7099004463547,-114.982487054147,-0.070839371801324
"1489",14.89,39.7354645684479,-115.057882551759,-0.0708862023364548
"1490",14.9,39.7610272214899,-115.133275441406,-0.0709330319050472
"1491",14.91,39.7865884055612,-115.208665722926,-0.070979860509837
"1492",14.92,39.8121481207442,-115.284053396044,-0.0710266881444204
"1493",14.93,39.8377063671178,-115.359438460726,-0.0710735148143603
"1494",14.94,39.863263144762,-115.43482091684,-0.0711203405165692
"1495",14.95,39.8888184537592,-115.510200764122,-0.0711671652555108
"1496",14.96,39.914372294189,-115.585578002473,-0.0712139890247299
"1497",14.97,39.9399246661324,-115.660952631718,-0.071260811831563
"1498",14.98,39.9654755696705,-115.736324651661,-0.0713076336723275
"1499",14.99,39.9910250048827,-115.811694062233,-0.0713544545490147
"1500",15,40.0165729718515,-115.887060863155,-0.071401274459694
"1501",15.01,40.0421194706572,-115.962425054286,-0.0714480934042329
"1502",15.02,40.067664501379,-116.037786635562,-0.0714949113829177
"1503",15.03,40.0932080641007,-116.113145606634,-0.0715417284002008
"1504",15.04,40.1187501588986,-116.188501967621,-0.0715885444503751
"1505",15.05,40.1442907858577,-116.263855718077,-0.0716353595365155
"1506",15.06,40.1698299450552,-116.339206858085,-0.0716821736585674
"1507",15.07,40.1953676365749,-116.414555387279,-0.0717289868163453
"1508",15.08,40.2209038604961,-116.489901305587,-0.0717757990121104
"1509",15.09,40.2464386168998,-116.565244612844,-0.0718226102415727
"1510",15.1,40.2719719058672,-116.640585308844,-0.0718694205092036
"1511",15.11,40.2975037274793,-116.715923393429,-0.0719162298113344
"1512",15.12,40.3230340818126,-116.791258866707,-0.0719630381532657
"1513",15.13,40.3485629689538,-116.866591728126,-0.0720098455291834
"1514",15.14,40.374090388983,-116.941921977584,-0.0720566519452798
"1515",15.15,40.3996163419773,-117.017249615147,-0.0721034573951612
"1516",15.16,40.4251408280196,-117.09257464053,-0.0721502618848354
"1517",15.17,40.4506638471911,-117.167897053534,-0.0721970654126628
"1518",15.18,40.4761853995722,-117.243216854029,-0.0722438679744235
"1519",15.19,40.5017054852427,-117.318534041927,-0.0722906695748829
"1520",15.2,40.5272241042862,-117.393848616879,-0.0723374702167195
"1521",15.21,40.5527412567806,-117.469160578923,-0.0723842698955011
"1522",15.22,40.5782569428106,-117.544469927634,-0.0724310686117829
"1523",15.23,40.6037711624512,-117.619776663242,-0.0724778663691688
"1524",15.24,40.6292839157884,-117.695080785246,-0.0725246631626202
"1525",15.25,40.6547952029,-117.770382293692,-0.0725714589946674
"1526",15.26,40.6803050238697,-117.845681188224,-0.0726182538658179
"1527",15.27,40.7058133787753,-117.920977468883,-0.0726650477768139
"1528",15.28,40.7313202677,-117.996271135362,-0.0727118407264044
"1529",15.29,40.7568256907218,-118.071562187689,-0.0727586327174294
"1530",15.3,40.7823296479263,-118.146850625393,-0.0728054237460735
"1531",15.31,40.8078321393903,-118.222136448576,-0.072852213813523
"1532",15.32,40.8333331651949,-118.29741965707,-0.0728990029226568
"1533",15.33,40.8588327254239,-118.372700250522,-0.072945791072024
"1534",15.34,40.8843308201582,-118.447978228773,-0.0729925782628554
"1535",15.35,40.9098274494741,-118.523253591967,-0.0730393644909319
"1536",15.36,40.9353226134557,-118.598526339728,-0.0730861497644852
"1537",15.37,40.9608163121831,-118.673796471964,-0.0731329340715998
"1538",15.38,40.9863085457421,-118.749063988184,-0.0731797174260326
"1539",15.39,41.0117993142036,-118.824328888888,-0.0732264998172257
"1540",15.4,41.0372886176591,-118.899591173226,-0.0732732812488167
"1541",15.41,41.0627764561824,-118.974850841505,-0.0733200617278401
"1542",15.42,41.0882628298566,-119.050107893422,-0.0733668412441768
"1543",15.43,41.1137477387629,-119.125362328806,-0.0734136198033622
"1544",15.44,41.1392311829839,-119.200614147388,-0.0734603974041923
"1545",15.45,41.1647131625981,-119.275863349168,-0.0735071740454365
"1546",15.46,41.1901936776879,-119.351109933897,-0.0735539497294317
"1547",15.47,41.2156727283305,-119.426353901662,-0.0736007244576795
"1548",15.48,41.241150314614,-119.501595251832,-0.0736474982266006
"1549",15.49,41.2666264366155,-119.576833984512,-0.0736942710404458
"1550",15.5,41.2921010944159,-119.652070099542,-0.0737410428950711
"1551",15.51,41.317574288094,-119.727303596901,-0.0737878137942009
"1552",15.52,41.3430460177384,-119.802534475954,-0.0738345837350252
"1553",15.53,41.3685162834194,-119.877762737215,-0.0738813527197263
"1554",15.54,41.3939850852267,-119.952988379981,-0.0739281207471295
"1555",15.55,41.419452423239,-120.028211404232,-0.0739748878156667
"1556",15.56,41.4449182975342,-120.103431810007,-0.074021653932706
"1557",15.57,41.4703827081956,-120.178649597017,-0.0740684190942547
"1558",15.58,41.4958456553064,-120.253864764952,-0.0741151832959076
"1559",15.59,41.5213071389433,-120.329077313938,-0.0741619465450137
"1560",15.6,41.5467671591915,-120.404287243538,-0.0742087088361892
"1561",15.61,41.5722257161313,-120.479494553659,-0.0742554701710318
"1562",15.62,41.5976828098416,-120.554699244274,-0.0743022305548905
"1563",15.63,41.6231384404045,-120.629901315151,-0.074348989981632
"1564",15.64,41.648592607901,-120.705100766146,-0.0743957484531577
"1565",15.65,41.6740453124146,-120.780297596944,-0.0744425059690492
"1566",15.66,41.699496554024,-120.85549180753,-0.074489262531508
"1567",15.67,41.7249463328081,-120.930683397897,-0.0745360181378573
"1568",15.68,41.7503946488517,-121.00587236764,-0.074582772790331
"1569",15.69,41.7758415022366,-121.081058716569,-0.0746295264908398
"1570",15.7,41.8012868930405,-121.156242444727,-0.074676279234783
"1571",15.71,41.8267308213464,-121.231423551847,-0.0747230310265824
"1572",15.72,41.852173287236,-121.306602037733,-0.0747697818643777
"1573",15.73,41.8776142907882,-121.381777902362,-0.0748165317486719
"1574",15.74,41.9030538320854,-121.456951145497,-0.074863280677411
"1575",15.75,41.928491911211,-121.53212176684,-0.0749100286563846
"1576",15.76,41.9539285282426,-121.607289766453,-0.074956775682308
"1577",15.77,41.9793636832629,-121.682455144084,-0.075003521751832
"1578",15.78,42.004797376355,-121.757617899449,-0.0750502668724989
"1579",15.79,42.030229607598,-121.832778032525,-0.0750970110380053
"1580",15.8,42.055660377073,-121.907935543146,-0.075143754252338
"1581",15.81,42.0810896848579,-121.983090431373,-0.0751904965131512
"1582",15.82,42.1065175310418,-122.058242696544,-0.0752372378245069
"1583",15.83,42.1319439156991,-122.133392338928,-0.0752839781815181
"1584",15.84,42.1573688389153,-122.208539358093,-0.0753307175866747
"1585",15.85,42.1827923007686,-122.28368375408,-0.0753774560414425
"1586",15.86,42.2082143013413,-122.358825526648,-0.0754241935449761
"1587",15.87,42.2336348407153,-122.433964675601,-0.0754709300968998
"1588",15.88,42.2590539189714,-122.509101200812,-0.0755176656967369
"1589",15.89,42.2844715361928,-122.584235101999,-0.0755644003470601
"1590",15.9,42.3098876924559,-122.659366379296,-0.0756111340472992
"1591",15.91,42.3353023878471,-122.734495032234,-0.0756578667975021
"1592",15.92,42.3607156224427,-122.809621060958,-0.0757045985943309
"1593",15.93,42.3861273963276,-122.884744465078,-0.0757513294413376
"1594",15.94,42.411537709584,-122.959865244386,-0.0757980593392594
"1595",15.95,42.4369465622901,-123.034983398909,-0.0758447882871839
"1596",15.96,42.4623539545256,-123.110098928593,-0.0758915162826776
"1597",15.97,42.4877598863789,-123.185211832822,-0.0759382433323808
"1598",15.98,42.5131643579232,-123.260322111962,-0.0759849694323045
"1599",15.99,42.5385673692479,-123.335429765331,-0.0760316945820043
"1600",16,42.5639689204265,-123.410534793265,-0.0760784187825415
"1601",16.01,42.5893690115431,-123.48563719543,-0.0761251420348869
"1602",16.02,42.6147676426818,-123.560736971491,-0.0761718643349172
"1603",16.03,42.6401648139205,-123.635834121508,-0.0762185856886792
"1604",16.04,42.6655605253429,-123.710928645172,-0.0762653060953817
"1605",16.05,42.6909547770303,-123.786020542331,-0.0763120255513274
"1606",16.06,42.7163475690613,-123.861109812989,-0.0763587440600802
"1607",16.07,42.7417389015177,-123.936196456963,-0.0764054616218421
"1608",16.08,42.7671287744866,-124.011280473741,-0.0764521782361421
"1609",16.09,42.7925171880419,-124.086361863615,-0.0764988939008883
"1610",16.1,42.8179041422682,-124.161440626244,-0.0765456086173358
"1611",16.11,42.8432896372462,-124.2365167615,-0.0765923223874204
"1612",16.12,42.8686736730577,-124.311590269197,-0.0766390352079635
"1613",16.13,42.8940562497835,-124.386661149214,-0.0766857470860101
"1614",16.14,42.919437367508,-124.46172940121,-0.0767324580128674
"1615",16.15,42.9448170263096,-124.536795025208,-0.0767791679985945
"1616",16.16,42.9701952262702,-124.611858021021,-0.0768258770317138
"1617",16.17,42.99557196747,-124.686918388563,-0.0768725851207003
"1618",16.18,43.0209472499924,-124.761976127557,-0.0769192922647317
"1619",16.19,43.0463210739194,-124.837031237811,-0.0769659984628996
"1620",16.2,43.0716934393306,-124.912083719268,-0.0770127037096624
"1621",16.21,43.0970643463054,-124.9871335719,-0.0770594080159023
"1622",16.22,43.1224337949325,-125.062180795103,-0.0771061113753938
"1623",16.23,43.1478017852859,-125.137225389179,-0.0771528137904873
"1624",16.24,43.1731683174508,-125.212267353736,-0.0771995152589885
"1625",16.25,43.1985333915064,-125.287306688759,-0.0772462157798671
"1626",16.26,43.2238970075349,-125.362343394036,-0.0772929153594014
"1627",16.27,43.2492591656181,-125.437377469389,-0.0773396139928521
"1628",16.28,43.2746198658413,-125.512408914437,-0.0773863116806258
"1629",16.29,43.2999791082794,-125.587437729409,-0.077433008426194
"1630",16.3,43.3253368930191,-125.662463913841,-0.0774797042277231
"1631",16.31,43.3506932201384,-125.737487467779,-0.0775263990836494
"1632",16.32,43.3760480897184,-125.812508391095,-0.0775730929929889
"1633",16.33,43.4014015018442,-125.887526683413,-0.0776197859633269
"1634",16.34,43.426753456598,-125.962542344522,-0.0776664779893187
"1635",16.35,43.4521039540516,-126.037555374868,-0.077713169070798
"1636",16.36,43.4774529942988,-126.112565773537,-0.0777598592057739
"1637",16.37,43.5028005774153,-126.187573540731,-0.0778065484025526
"1638",16.38,43.5281467034834,-126.262578676245,-0.077853236651252
"1639",16.39,43.5534913725852,-126.337581179883,-0.0778999239607963
"1640",16.4,43.5788345847972,-126.412581051795,-0.0779466103246514
"1641",16.41,43.6041763402092,-126.487578291326,-0.0779932957502971
"1642",16.42,43.6295166388971,-126.562572898661,-0.0780399802320497
"1643",16.43,43.6548554809466,-126.637564873385,-0.0780866637703246
"1644",16.44,43.680192866434,-126.71255421566,-0.0781333463639811
"1645",16.45,43.7055287954456,-126.787540925048,-0.0781800280207265
"1646",16.46,43.7308632680614,-126.862525001489,-0.078226708731929
"1647",16.47,43.7561962843623,-126.937506444858,-0.078273388501651
"1648",16.48,43.7815278444298,-127.012485255007,-0.0783200673295794
"1649",16.49,43.8068579483429,-127.087461431933,-0.0783667452202393
"1650",16.5,43.8321865961927,-127.162434974906,-0.0784134221674309
"1651",16.51,43.8575137880504,-127.237405884403,-0.0784600981734911
"1652",16.52,43.8828395240037,-127.312374159888,-0.078506773237427
"1653",16.53,43.9081638041307,-127.387339801429,-0.0785534473647286
"1654",16.54,43.9334866285122,-127.462302808905,-0.0786001205497876
"1655",16.55,43.9588079972377,-127.53726318169,-0.0786467927925479
"1656",16.56,43.9841279103787,-127.612220920237,-0.0786934640960017
"1657",16.57,44.0094463680228,-127.687176024034,-0.0787401344601834
"1658",16.58,44.0347633702482,-127.76212849313,-0.0787868038838253
"1659",16.59,44.0600789171394,-127.837078327189,-0.0788334723690797
"1660",16.6,44.0853930087784,-127.912025526038,-0.0788801399138771
"1661",16.61,44.1107056452481,-127.986970089452,-0.0789268065204805
"1662",16.62,44.1360168266233,-128.061912017674,-0.0789734721879618
"1663",16.63,44.1613265529914,-128.136851310214,-0.0790201369151515
"1664",16.64,44.1866348244338,-128.211787966924,-0.0790668007020627
"1665",16.65,44.211941641032,-128.286721987665,-0.0791134635543591
"1666",16.66,44.2372470028655,-128.361653372412,-0.0791601254627372
"1667",16.67,44.2625509100168,-128.436582120954,-0.0792067864365809
"1668",16.68,44.2878533625695,-128.511508233022,-0.0792534464710583
"1669",16.69,44.3131543606036,-128.586431708562,-0.0793001055688858
"1670",16.7,44.3384539042011,-128.661352547399,-0.0793467637261797
"1671",16.71,44.3637519934415,-128.73627074951,-0.0793934209491605
"1672",16.72,44.3890486284105,-128.811186314507,-0.0794400772324757
"1673",16.73,44.4143438091919,-128.886099242099,-0.0794867325783289
"1674",16.74,44.4396375358592,-128.961009532629,-0.0795333869897429
"1675",16.75,44.4649298085027,-129.035917185432,-0.0795800404583722
"1676",16.76,44.4902206271957,-129.110822200847,-0.0796266929929521
"1677",16.77,44.5155099920267,-129.185724578316,-0.0796733445920876
"1678",16.78,44.5407979030747,-129.260624317853,-0.0797199952545722
"1679",16.79,44.5660843604205,-129.335521419356,-0.0797666449792314
"1680",16.8,44.5913693641522,-129.410415882287,-0.07981329376898
"1681",16.81,44.6166529143427,-129.485307707028,-0.079859941620299
"1682",16.82,44.6419350110786,-129.560196893129,-0.0799065885379203
"1683",16.83,44.667215654439,-129.635083440595,-0.0799532345185003
"1684",16.84,44.69249484451,-129.709967349019,-0.0799998795632211
"1685",16.85,44.717772581368,-129.784848618554,-0.0800465236741267
"1686",16.86,44.7430488651031,-129.85972724856,-0.0800931668499753
"1687",16.87,44.7683236957871,-129.934603239477,-0.0801398090888205
"1688",16.88,44.7935970735105,-130.009476590627,-0.0801864503944067
"1689",16.89,44.8188689983479,-130.084347302282,-0.08023309076358
"1690",16.9,44.8441394703842,-130.159215374106,-0.0802797301955284
"1691",16.91,44.8694084897024,-130.234080805879,-0.0803263686953596
"1692",16.92,44.8946760563842,-130.308943597452,-0.0803730062652437
"1693",16.93,44.9199421705076,-130.383803748884,-0.0804196428985416
"1694",16.94,44.9452068321617,-130.45866125961,-0.0804662785960856
"1695",16.95,44.9704700414232,-130.533516129761,-0.0805129133596134
"1696",16.96,44.9957317983722,-130.608368359293,-0.0805595471899034
"1697",16.97,45.0209921030953,-130.683217947772,-0.0806061800877326
"1698",16.98,45.0462509556695,-130.758064895332,-0.0806528120509709
"1699",16.99,45.0715083561834,-130.832909201413,-0.0806994430794899
"1700",17,45.0967643047145,-130.907750866123,-0.0807460731776238
"1701",17.01,45.1220188013421,-130.982589889462,-0.0807927023416019
"1702",17.02,45.1472718461568,-131.057426270756,-0.0808393305733099
"1703",17.03,45.1725234392284,-131.132260010561,-0.080885957873261
"1704",17.04,45.1977735806478,-131.207091108196,-0.080932584242425
"1705",17.05,45.2230222704944,-131.28191956365,-0.0809792096782331
"1706",17.06,45.248269508851,-131.356745376722,-0.0810258341814092
"1707",17.07,45.2735152957984,-131.431568547313,-0.0810724577516483
"1708",17.08,45.2987596314187,-131.506389075266,-0.0811190803915618
"1709",17.09,45.3240025157934,-131.581206960446,-0.0811657020985624
"1710",17.1,45.3492439490046,-131.65602220269,-0.0812123228708039
"1711",17.11,45.3744839311347,-131.730834801818,-0.081258942715283
"1712",17.12,45.3997224622647,-131.80564475773,-0.0813055616324783
"1713",17.13,45.424959542482,-131.880452069949,-0.0813521796133393
"1714",17.14,45.4501951718605,-131.955256738796,-0.0813987966661541
"1715",17.15,45.4754293504867,-132.030058763844,-0.0814454127913367
"1716",17.16,45.5006620784414,-132.104858145014,-0.0814920279783964
"1717",17.17,45.5258933558068,-132.179654882133,-0.0815386422388229
"1718",17.18,45.5511231826641,-132.254448975093,-0.0815852555670793
"1719",17.19,45.5763515590954,-132.329240423733,-0.0816318679696394
"1720",17.2,45.601578485185,-132.404029227769,-0.0816784794415329
"1721",17.21,45.6268039610143,-132.478815387075,-0.0817250899865783
"1722",17.22,45.6520279866621,-132.553598901676,-0.0817716995973986
"1723",17.23,45.677250562213,-132.628379771287,-0.0818183082761254
"1724",17.24,45.7024716877476,-132.703157995813,-0.0818649160316646
"1725",17.25,45.7276913633502,-132.777933574982,-0.081911522856716
"1726",17.26,45.7529095891017,-132.852706508699,-0.0819581287485515
"1727",17.27,45.7781263650848,-132.927476796772,-0.0820047337175505
"1728",17.28,45.8033416913805,-133.002244439102,-0.0820513377568636
"1729",17.29,45.8285555680707,-133.077009435555,-0.0820979408658845
"1730",17.3,45.8537679952376,-133.151771785954,-0.0821445430483867
"1731",17.31,45.8789789729634,-133.226531490148,-0.0821911443000161
"1732",17.32,45.9041885013328,-133.301288547819,-0.0822377446298305
"1733",17.33,45.9293965804202,-133.376042959264,-0.0822843440286821
"1734",17.34,45.9546032103162,-133.450794723831,-0.0823309424970393
"1735",17.35,45.9798083911004,-133.52554384151,-0.0823775400428104
"1736",17.36,46.0050121228542,-133.60029031219,-0.0824241366571278
"1737",17.37,46.0302144056603,-133.675034135678,-0.0824707323467835
"1738",17.38,46.0554152395949,-133.749775312157,-0.0825173271114259
"1739",17.39,46.0806146247497,-133.824513840925,-0.082563920947561
"1740",17.4,46.1058125611974,-133.899249722366,-0.0826105138557918
"1741",17.41,46.1310090490327,-133.973982955603,-0.0826571058376619
"1742",17.42,46.1562040883282,-134.048713541033,-0.0827036968979749
"1743",17.43,46.1813976791661,-134.123441478491,-0.0827502870276236
"1744",17.44,46.2065898216301,-134.198166767733,-0.0827968762298371
"1745",17.45,46.2317805158056,-134.272889408424,-0.082843464506422
"1746",17.46,46.2569697617676,-134.347609400811,-0.0828900518630449
"1747",17.47,46.2821575596008,-134.422326744601,-0.0829366382898435
"1748",17.48,46.3073439093935,-134.497041439283,-0.0829832237948426
"1749",17.49,46.3325288112232,-134.571753484973,-0.0830298083717191
"1750",17.5,46.3577122651683,-134.646462881731,-0.0830763920262577
"1751",17.51,46.3828942713197,-134.721169628903,-0.0831229747481265
"1752",17.52,46.4080748297527,-134.795873726728,-0.0831695565520719
"1753",17.53,46.4332539405529,-134.870575174858,-0.0832161374331735
"1754",17.54,46.4584316037993,-134.945273973324,-0.0832627173867262
"1755",17.55,46.4836078195752,-135.019970121901,-0.0833092964206766
"1756",17.56,46.5087825879689,-135.094663620096,-0.0833558745265011
"1757",17.57,46.5339559090531,-135.169354468294,-0.0834024517096589
"1758",17.58,46.5591277829176,-135.244042665903,-0.0834490279662873
"1759",17.59,46.5842982096388,-135.318728213111,-0.0834956033022336
"1760",17.6,46.6094671892993,-135.393411109735,-0.0835421777183553
"1761",17.61,46.6346347219868,-135.46809135531,-0.0835887512067878
"1762",17.62,46.6598008077778,-135.542768950009,-0.08363532376858
"1763",17.63,46.6849654467564,-135.617443893581,-0.0836818954157453
"1764",17.64,46.7101286390087,-135.692116185642,-0.0837284661354223
"1765",17.65,46.7352903846113,-135.766785826364,-0.0837750359358573
"1766",17.66,46.7604506836502,-135.841452815381,-0.0838216048125133
"1767",17.67,46.7856095362058,-135.916117152642,-0.0838681727671414
"1768",17.68,46.8107669423623,-135.990778837889,-0.0839147397997526
"1769",17.69,46.8359229021946,-136.065437871382,-0.0839613059082938
"1770",17.7,46.8610774157996,-136.140094252146,-0.0840078710958245
"1771",17.71,46.8862304832431,-136.214747980956,-0.0840544353662912
"1772",17.72,46.9113821046201,-136.289399056932,-0.084100998707402
"1773",17.73,46.9365322800042,-136.364047480427,-0.0841475611339505
"1774",17.74,46.9616810094828,-136.43869325099,-0.0841941226359534
"1775",17.75,46.9868282931402,-136.513336368362,-0.0842406832159098
"1776",17.76,47.0119741310488,-136.587976832936,-0.0842872428810638
"1777",17.77,47.0371185233032,-136.662614643879,-0.08433380162126
"1778",17.78,47.0622614699798,-136.737249801373,-0.0843803594444039
"1779",17.79,47.0874029711603,-136.811882305289,-0.0844269163454549
"1780",17.8,47.1125430269262,-136.886512155529,-0.0844734723268542
"1781",17.81,47.1376816373624,-136.96113935179,-0.0845200273844564
"1782",17.82,47.1628188025504,-137.035763893972,-0.0845665815278854
"1783",17.83,47.187954522574,-137.110385781835,-0.0846131347499611
"1784",17.84,47.213088797515,-137.18500501527,-0.0846596870536816
"1785",17.85,47.2382216274516,-137.259621594339,-0.0847062384358157
"1786",17.86,47.2633530124723,-137.334235518561,-0.0847527889035854
"1787",17.87,47.2884829526529,-137.408846788142,-0.0847993384418934
"1788",17.88,47.3136114480842,-137.48345540246,-0.0848458870703934
"1789",17.89,47.3387384988402,-137.558061361833,-0.0848924347782333
"1790",17.9,47.3638641050079,-137.632664665845,-0.0849389815711176
"1791",17.91,47.3889882666693,-137.707265314377,-0.0849855274376841
"1792",17.92,47.4141109839075,-137.781863307225,-0.0850320723930693
"1793",17.93,47.4392322568029,-137.856458644356,-0.0850786164263593
"1794",17.94,47.4643520854407,-137.931051325458,-0.0851251595422045
"1795",17.95,47.4894704698971,-138.005641350721,-0.0851717017442752
"1796",17.96,47.5145874102657,-138.080228719381,-0.085218243027052
"1797",17.97,47.5397029066142,-138.154813432096,-0.0852647833923241
"1798",17.98,47.5648169590344,-138.229395488197,-0.0853113228421228
"1799",17.99,47.5899295676103,-138.303974887443,-0.0853578613714915
"1800",18,47.6150407324214,-138.378551629842,-0.0854043989846062
"1801",18.01,47.6401504535511,-138.453125715194,-0.0854509356857125
"1802",18.02,47.6652587310747,-138.527697143745,-0.0854974714671392
"1803",18.03,47.6903655650865,-138.60226591468,-0.0855440063307058
"1804",18.04,47.7154709556607,-138.676832028307,-0.0855905402798009
"1805",18.05,47.7405749028836,-138.751395484262,-0.0856370733145309
"1806",18.06,47.765677406838,-138.825956282377,-0.0856836054299719
"1807",18.07,47.7907784676025,-138.900514422716,-0.0857301366296363
"1808",18.08,47.8158780852635,-138.975069904904,-0.0857766669179278
"1809",18.09,47.8409762598994,-139.049622729017,-0.0858231962904863
"1810",18.1,47.8660729915969,-139.124172894679,-0.0858697247442412
"1811",18.11,47.8911682804384,-139.198720401728,-0.0859162522889927
"1812",18.12,47.9162621265023,-139.273265250258,-0.0859627789094385
"1813",18.13,47.941354529869,-139.347807440219,-0.08600930462182
"1814",18.14,47.9664454906353,-139.422346970675,-0.0860558294149088
"1815",18.15,47.9915350088679,-139.496883842349,-0.0861023533046981
"1816",18.16,48.016623084659,-139.571418054554,-0.0861488762673677
"1817",18.17,48.0417097180873,-139.645949607358,-0.0861953983252991
"1818",18.18,48.0667949092334,-139.720478500704,-0.0862419194637911
"1819",18.19,48.0918786581815,-139.795004734353,-0.0862884396919981
"1820",18.2,48.1169609650187,-139.869528307901,-0.0863349590035771
"1821",18.21,48.1420418298252,-139.944049221338,-0.0863814774018071
"1822",18.22,48.1671212526737,-140.018567475043,-0.0864279948898889
"1823",18.23,48.1921992336645,-140.093083067891,-0.0864745114653407
"1824",18.24,48.2172757728629,-140.167596000682,-0.0865210271224702
"1825",18.25,48.2423508703669,-140.24210627242,-0.0865675418723795
"1826",18.26,48.2674245262486,-140.316613883523,-0.0866140557076017
"1827",18.27,48.2924967405939,-140.391118833661,-0.0866605686346897
"1828",18.28,48.3175675134847,-140.465621122729,-0.0867070806418089
"1829",18.29,48.3426368450039,-140.540120750543,-0.0867535917429905
"1830",18.3,48.367704735237,-140.614617716805,-0.0868001019295426
"1831",18.31,48.39277118426,-140.689112021719,-0.0868466112047808
"1832",18.32,48.4178361921631,-140.76360366473,-0.0868931195686913
"1833",18.33,48.4428997590184,-140.838092646249,-0.0869396270227356
"1834",18.34,48.4679618849217,-140.912578965409,-0.0869861335622671
"1835",18.35,48.4930225699461,-140.987062622584,-0.0870326391917302
"1836",18.36,48.518081814186,-141.061543616981,-0.087079143911399
"1837",18.37,48.5431396177065,-141.136021949397,-0.087125647719877
"1838",18.38,48.5681959806006,-141.210497619124,-0.08717215061736
"1839",18.39,48.5932509029496,-141.284970626089,-0.0872186526083497
"1840",18.4,48.6183043848425,-141.359440969783,-0.0872651536823263
"1841",18.41,48.6433564263442,-141.433908651032,-0.0873116538525292
"1842",18.42,48.6684070275573,-141.508373668601,-0.0873581531080134
"1843",18.43,48.6934561885572,-141.582836022731,-0.087404651457529
"1844",18.44,48.718503909421,-141.657295713573,-0.0874511488930908
"1845",18.45,48.7435501902381,-141.731752740621,-0.0874976454196842
"1846",18.46,48.7685950310901,-141.806207103771,-0.0875441410427153
"1847",18.47,48.7936384320583,-141.880658802957,-0.0875906357528607
"1848",18.48,48.8186803932212,-141.955107838256,-0.0876371295557601
"1849",18.49,48.8437209146777,-142.029554208631,-0.0876836224460917
"1850",18.5,48.8687599964886,-142.103997915133,-0.0877301144319099
"1851",18.51,48.8937976387481,-142.178438956975,-0.0877766055068613
"1852",18.52,48.9188338415416,-142.252877333871,-0.0878230956800072
"1853",18.53,48.9438686049418,-142.327313046211,-0.0878695849351032
"1854",18.54,48.9689019290426,-142.401746093241,-0.0879160732856808
"1855",18.55,48.9939338139198,-142.476176475186,-0.0879625607307347
"1856",18.56,49.0189642596594,-142.550604191721,-0.0880090472681322
"1857",18.57,49.0439932663386,-142.62502924299,-0.0880555328940043
"1858",18.58,49.0690208340526,-142.699451628176,-0.0881020176132101
"1859",18.59,49.0940469628753,-142.773871347606,-0.0881485014306219
"1860",18.6,49.1190716528861,-142.848288401311,-0.088194984333965
"1861",18.61,49.1440949041727,-142.92270278888,-0.0882414663391007
"1862",18.62,49.169116716815,-142.997114510304,-0.0882879474302473
"1863",18.63,49.194137090904,-143.071523565009,-0.0883344276191637
"1864",18.64,49.2191560265115,-143.145929953422,-0.0883809068995975
"1865",18.65,49.2441735237248,-143.220333675161,-0.0884273852736854
"1866",18.66,49.2691895826285,-143.294734729966,-0.0884738627416318
"1867",18.67,49.2942042033064,-143.369133117651,-0.0885203393044368
"1868",18.68,49.3192173858383,-143.443528838215,-0.0885668149651445
"1869",18.69,49.3442291303027,-143.517921891739,-0.088613289714358
"1870",18.7,49.3692394367958,-143.592312277366,-0.0886597635599792
"1871",18.71,49.3942483053874,-143.666699995634,-0.0887062365011338
"1872",18.72,49.4192557361642,-143.741085046193,-0.0887527085406524
"1873",18.73,49.4442617292121,-143.815467428726,-0.0887991796735542
"1874",18.74,49.4692662846113,-143.889847143222,-0.0888456498982771
"1875",18.75,49.4942694024441,-143.96422418957,-0.0888921192239196
"1876",18.76,49.5192710827944,-144.038598567553,-0.0889385876330014
"1877",18.77,49.5442713257467,-144.112970276941,-0.0889850551504512
"1878",18.78,49.5692701313813,-144.187339317723,-0.0890315217614624
"1879",18.79,49.5942674997822,-144.261705689681,-0.0890779874670414
"1880",18.8,49.6192634310356,-144.336069392494,-0.0891244522705816
"1881",18.81,49.6442579252136,-144.410430426584,-0.0891709161727077
"1882",18.82,49.669250982411,-144.484788791177,-0.0892173791612279
"1883",18.83,49.6942426027076,-144.55914448627,-0.0892638412550645
"1884",18.84,49.7192327861866,-144.633497511717,-0.0893103024499748
"1885",18.85,49.7442215329221,-144.707847867818,-0.0893567627293547
"1886",18.86,49.7692088430074,-144.782195553883,-0.0894032221140544
"1887",18.87,49.7941947165199,-144.856540570058,-0.0894496805965625
"1888",18.88,49.819179153549,-144.930882915844,-0.0894961381771294
"1889",18.89,49.8441621541747,-145.005222591245,-0.0895425948527623
"1890",18.9,49.8691437184735,-145.079559596453,-0.089589050626253
"1891",18.91,49.8941238465332,-145.153893931067,-0.0896355054979954
"1892",18.92,49.9191025384409,-145.228225594714,-0.0896819594701631
"1893",18.93,49.9440797942708,-145.302554587706,-0.0897284125433317
"1894",18.94,49.9690556141149,-145.376880909419,-0.0897748647083051
"1895",18.95,49.9940299980534,-145.451204559847,-0.0898213159761938
"1896",18.96,50.0190029461676,-145.525525538928,-0.0898677663414577
"1897",18.97,50.0439744585359,-145.599843846759,-0.0899142158034886
"1898",18.98,50.0689445352478,-145.674159482839,-0.0899606643709038
"1899",18.99,50.093913176386,-145.748472447038,-0.0900071120353568
"1900",19,50.1188803820297,-145.82278273941,-0.0900535587997051
"1901",19.01,50.1438461522733,-145.8970903592,-0.0901000046599469
"1902",19.02,50.1688104871833,-145.971395307127,-0.0901464496238959
"1903",19.03,50.1937733868495,-146.045697582687,-0.0901928936880226
"1904",19.04,50.2187348513603,-146.119997185451,-0.0902393368526797
"1905",19.05,50.2436948807957,-146.194294115422,-0.0902857791132755
"1906",19.06,50.2686534752319,-146.268588372809,-0.0903322204767352
"1907",19.07,50.2936106347539,-146.342879957366,-0.090378660944683
"1908",19.08,50.3185663594554,-146.41716886838,-0.0904251005077921
"1909",19.09,50.3435206494059,-146.491455106413,-0.0904715391796977
"1910",19.1,50.3684735047046,-146.565738670464,-0.0905179769477659
"1911",19.11,50.3934249254116,-146.640019561593,-0.0905644138138983
"1912",19.12,50.4183749116343,-146.714297778378,-0.0906108497862212
"1913",19.13,50.4433234634344,-146.78857332178,-0.0906572848626949
"1914",19.14,50.4682705809114,-146.862846190796,-0.0907037190363501
"1915",19.15,50.4932162641447,-146.937116385469,-0.0907501523127237
"1916",19.16,50.5181605132082,-147.011383906131,-0.0907965846905847
"1917",19.17,50.5431033281939,-147.085648752163,-0.0908430161734529
"1918",19.18,50.5680447091847,-147.159910923428,-0.0908894467568961
"1919",19.19,50.5929846562623,-147.234170419853,-0.0909358764467181
"1920",19.2,50.617923169507,-147.308427241432,-0.0909823052380625
"1921",19.21,50.6428602490027,-147.382681387974,-0.0910287331251732
"1922",19.22,50.6677958948357,-147.456932859166,-0.0910751601245925
"1923",19.23,50.6927301070814,-147.531181655262,-0.0911215862249724
"1924",19.24,50.717662885833,-147.605427775584,-0.0911680114266535
"1925",19.25,50.7425942311669,-147.679671220342,-0.0912144357304717
"1926",19.26,50.7675241431745,-147.75391198895,-0.0912608591461593
"1927",19.27,50.7924526219255,-147.828150081961,-0.0913072816598174
"1928",19.28,50.8173796675195,-147.902385498369,-0.0913537032818775
"1929",19.29,50.8423052800262,-147.976618238726,-0.0914001239973291
"1930",19.3,50.8672294595319,-148.050848302721,-0.0914465438282272
"1931",19.31,50.8921522061234,-148.125075690019,-0.0914929627642459
"1932",19.32,50.9170735198786,-148.199300400738,-0.0915393808004786
"1933",19.33,50.9419934008875,-148.273522434378,-0.0915857979410302
"1934",19.34,50.9669118492247,-148.347741791237,-0.0916322141897801
"1935",19.35,50.9918288649771,-148.421958470973,-0.0916786295434589
"1936",19.36,51.0167444482385,-148.496172472887,-0.0917250440052426
"1937",19.37,51.0416585990745,-148.570383797745,-0.0917714575680059
"1938",19.38,51.0665713175786,-148.644592444865,-0.0918178702348967
"1939",19.39,51.0914826038361,-148.718798413984,-0.0918642820166119
"1940",19.4,51.1163924579226,-148.793001705351,-0.091910692895065
"1941",19.41,51.141300879919,-148.867202318942,-0.0919571028823977
"1942",19.42,51.1662078699182,-148.941400254101,-0.0920035119777027
"1943",19.43,51.1911134280019,-149.015595510765,-0.092049920183392
"1944",19.44,51.2160175542449,-149.089788089217,-0.0920963274930282
"1945",19.45,51.2409202487434,-149.163977988637,-0.092142733904986
"1946",19.46,51.2658215115724,-149.238165209312,-0.0921891394353633
"1947",19.47,51.2907213428112,-149.31234975129,-0.092235544061678
"1948",19.48,51.3156197425527,-149.386531613927,-0.0922819477956691
"1949",19.49,51.3405167108801,-149.460710797085,-0.092328350642006
"1950",19.5,51.3654122478639,-149.534887301256,-0.0923747525964126
"1951",19.51,51.3903063536005,-149.609061125633,-0.0924211536564433
"1952",19.52,51.415199028162,-149.68323227064,-0.0924675538262956
"1953",19.53,51.4400902716402,-149.757400735678,-0.0925139531072814
"1954",19.54,51.4649800841207,-149.831566520498,-0.0925603514891843
"1955",19.55,51.4898684656823,-149.905729625175,-0.0926067489811917
"1956",19.56,51.5147554164094,-149.9798900495,-0.0926531455899644
"1957",19.57,51.5396409363759,-150.054047793814,-0.09269954130068
"1958",19.58,51.5645250256753,-150.128202857443,-0.0927459361277635
"1959",19.59,51.5894076843918,-150.202355240194,-0.0927923300531215
"1960",19.6,51.6142889126068,-150.276504942025,-0.0928387230985079
"1961",19.61,51.6391687104008,-150.350651962917,-0.0928851152478453
"1962",19.62,51.6640470778623,-150.424796302476,-0.092931506510479
"1963",19.63,51.6889240150694,-150.498937960806,-0.0929778968771538
"1964",19.64,51.7137995221065,-150.573076937713,-0.093024286358018
"1965",19.65,51.7386735990597,-150.647213232914,-0.0930706749516228
"1966",19.66,51.7635462460096,-150.72134684639,-0.0931170626554196
"1967",19.67,51.7884174630432,-150.795477777814,-0.0931634494633219
"1968",19.68,51.8132872502404,-150.869606027215,-0.0932098353867072
"1969",19.69,51.8381556076821,-150.94373159457,-0.0932562204187036
"1970",19.7,51.8630225354513,-151.017854479755,-0.0933026045635218
"1971",19.71,51.8878880336396,-151.091974682191,-0.0933489878175854
"1972",19.72,51.9127521023277,-151.166092201883,-0.0933953701901724
"1973",19.73,51.9376147415972,-151.240207038767,-0.0934417516679453
"1974",19.74,51.9624759515297,-151.314319192783,-0.0934881322589779
"1975",19.75,51.9873357322076,-151.388428663837,-0.0935345119626098
"1976",19.76,52.012194083719,-151.462535451549,-0.0935808907758101
"1977",19.77,52.0370510061502,-151.536639555622,-0.0936272687016435
"1978",19.78,52.0619064995723,-151.610740976527,-0.0936736457433796
"1979",19.79,52.0867605640818,-151.68483971346,-0.093720021896283
"1980",19.8,52.1116131997528,-151.75893576675,-0.0937663971620369
"1981",19.81,52.1364644066697,-151.833029136188,-0.0938127715387982
"1982",19.82,52.1613141849278,-151.907119821039,-0.0938591450298852
"1983",19.83,52.1861625345956,-151.981207821905,-0.0939055176326878
"1984",19.84,52.2110094557558,-152.055293138678,-0.0939518893580126
"1985",19.85,52.2358549485063,-152.129375770486,-0.0939982601852328
"1986",19.86,52.260699012922,-152.203455717603,-0.0940446301287212
"1987",19.87,52.2855416490887,-152.277532979775,-0.0940909991935449
"1988",19.88,52.3103828570819,-152.351607557251,-0.0941373673646884
"1989",19.89,52.3352226369956,-152.425679449351,-0.0941837346551742
"1990",19.9,52.3600609889067,-152.499748656265,-0.0942301010581704
"1991",19.91,52.3848979129025,-152.573815177657,-0.0942764665704118
"1992",19.92,52.4097334090662,-152.647879013382,-0.0943228312018978
"1993",19.93,52.4345674774776,-152.721940163494,-0.0943691949516467
"1994",19.94,52.4594001182178,-152.795998627954,-0.0944155578179223
"1995",19.95,52.4842313313874,-152.870054405765,-0.0944619197882667
"1996",19.96,52.5090611170502,-152.944107497768,-0.0945082808807716
"1997",19.97,52.5338894752936,-153.018157903618,-0.0945546410890584
"1998",19.98,52.5587164062091,-153.092205622766,-0.0946010004152215
"1999",19.99,52.5835419098756,-153.166250655306,-0.094647358857459
"2000",20,52.6083659863759,-153.240293001127,-0.0946937164104767
"2001",20.01,52.633188635794,-153.314332660052,-0.0947400730827597
"2002",20.02,52.6580098582157,-153.388369631821,-0.0947864288740802
"2003",20.03,52.6828296537199,-153.462403916532,-0.0948327837744612
"2004",20.04,52.707648022394,-153.536435513831,-0.0948791378014508
"2005",20.05,52.7324649643204,-153.610464423642,-0.0949254909353314
"2006",20.06,52.7572804795849,-153.684490645697,-0.0949718431940743
"2007",20.07,52.7820945682621,-153.758514180304,-0.0950181945668119
"2008",20.08,52.8069072304505,-153.832535026566,-0.0950645450603631
"2009",20.09,52.8317184662247,-153.906553184794,-0.0951108946684486
"2010",20.1,52.8565282756689,-153.980568654799,-0.0951572433919148
"2011",20.11,52.8813366588629,-154.054581436632,-0.0952035912356456
"2012",20.12,52.9061436158933,-154.128591529995,-0.0952499382024198
"2013",20.13,52.93094914685,-154.202598934427,-0.0952962842798948
"2014",20.14,52.9557532518081,-154.276603650204,-0.0953426294765538
"2015",20.15,52.9805559308562,-154.350605676933,-0.0953889737934552
"2016",20.16,53.0053571840753,-154.424605014598,-0.0954353172265163
"2017",20.17,53.0301570115524,-154.498601662886,-0.0954816597866168
"2018",20.18,53.0549554133618,-154.572595622111,-0.0955280014578484
"2019",20.19,53.0797523895967,-154.646586891655,-0.0955743422461343
"2020",20.2,53.1045479403391,-154.720575471451,-0.0956206821637099
"2021",20.21,53.1293420656768,-154.794561361145,-0.095667021195618
"2022",20.22,53.1541347656786,-154.868544561333,-0.0957133593525269
"2023",20.23,53.1789260404404,-154.942525071261,-0.0957596966188251
"2024",20.24,53.2037158900442,-155.016502890859,-0.0958060330128783
"2025",20.25,53.2285043145762,-155.090478019861,-0.0958523685283309
"2026",20.26,53.2532913141118,-155.164450458527,-0.0958987031575285
"2027",20.27,53.2780768887355,-155.238420206671,-0.0959450369156614
"2028",20.28,53.302861038543,-155.312387263558,-0.0959913697839919
"2029",20.29,53.3276437636032,-155.386351629765,-0.0960377017809722
"2030",20.3,53.3524250640119,-155.460313304557,-0.0960840328916858
"2031",20.31,53.3772049398426,-155.534272288278,-0.0961303631308715
"2032",20.32,53.4019833911866,-155.608228580422,-0.0961766924891632
"2033",20.33,53.4267604181297,-155.68218218073,-0.0962230209745116
"2034",20.34,53.4515360207403,-155.756133089815,-0.0962693485700872
"2035",20.35,53.4763101991151,-155.830081306893,-0.0963156752990806
"2036",20.36,53.5010829533344,-155.904026831983,-0.0963620011390323
"2037",20.37,53.5258542834904,-155.977969664527,-0.0964083261094089
"2038",20.38,53.5506241896523,-156.051909805089,-0.0964546501970184
"2039",20.39,53.5753926719027,-156.125847253579,-0.0965009734168076
"2040",20.4,53.6001597303427,-156.199782009003,-0.0965472957442692
"2041",20.41,53.624925365045,-156.273714071757,-0.096593617204628
"2042",20.42,53.6496895760976,-156.347643441488,-0.0966399377913366
"2043",20.43,53.6744523635775,-156.421570118376,-0.0966862574985173
"2044",20.44,53.699213727575,-156.495494101963,-0.0967325763240516
"2045",20.45,53.7239736681704,-156.569415392273,-0.0967788942727739
"2046",20.46,53.7487321854471,-156.64333398917,-0.0968252113503785
"2047",20.47,53.7734892794867,-156.717249892625,-0.0968715275463232
"2048",20.48,53.7982449503783,-156.791163102229,-0.096917842874882
"2049",20.49,53.8229991982129,-156.865073617482,-0.0969641573219294
"2050",20.5,53.8477520230578,-156.938981439053,-0.0970104708964149
"2051",20.51,53.8725034249998,-157.012886566637,-0.0970567835922712
"2052",20.52,53.8972534041298,-157.086788999756,-0.0971030954157608
"2053",20.53,53.9220019605344,-157.160688738117,-0.0971494063557923
"2054",20.54,53.9467490942883,-157.234585782027,-0.097195716427022
"2055",20.55,53.9714948054739,-157.30848013141,-0.0972420256277224
"2056",20.56,53.9962390941863,-157.382371785564,-0.0972883339462609
"2057",20.57,54.020981960505,-157.456260744566,-0.0973346413988404
"2058",20.58,54.0457234045049,-157.530147008699,-0.0973809479685231
"2059",20.59,54.0704634262788,-157.604030577386,-0.0974272536720598
"2060",20.6,54.0952020259079,-157.677911450605,-0.0974735584965987
"2061",20.61,54.1199392034892,-157.751789627575,-0.0975198624476165
"2062",20.62,54.1446749590702,-157.82566510992,-0.0975661655188256
"2063",20.63,54.1694092927733,-157.899537895622,-0.0976124677247018
"2064",20.64,54.1941422046678,-157.973407985241,-0.0976587690555714
"2065",20.65,54.2188736948324,-158.047275378884,-0.0977050695148065
"2066",20.66,54.243603763355,-158.121140076213,-0.0977513691013945
"2067",20.67,54.2683324103236,-158.195002076884,-0.0977976678156655
"2068",20.68,54.2930596358248,-158.268861380618,-0.0978439656489642
"2069",20.69,54.3177854399287,-158.342717987938,-0.097890262621011
"2070",20.7,54.3425098227323,-158.416571898068,-0.0979365587201939
"2071",20.71,54.3672327843106,-158.490423111296,-0.0979828539421656
"2072",20.72,54.3919543247473,-158.564271627482,-0.0980291482890931
"2073",20.73,54.4166744441354,-158.638117446045,-0.0980754417698872
"2074",20.74,54.4413931425499,-158.711960567272,-0.098121734376402
"2075",20.75,54.4661104200866,-158.785800990444,-0.0981680261136727
"2076",20.76,54.4908262768113,-158.859638716292,-0.0982143169715904
"2077",20.77,54.5155407128269,-158.933473743758,-0.0982606069670406
"2078",20.78,54.5402537282034,-159.007306073366,-0.0983068960910302
"2079",20.79,54.5649653230261,-159.081135704908,-0.0983531843449742
"2080",20.8,54.5896754973807,-159.154962638158,-0.0983994717241124
"2081",20.81,54.6143842513629,-159.2287868724,-0.0984457582341209
"2082",20.82,54.6390915850381,-159.302608408389,-0.0984920438784913
"2083",20.83,54.6637974985062,-159.376427245208,-0.0985383286427135
"2084",20.84,54.6885019918382,-159.450243383348,-0.0985846125499804
"2085",20.85,54.713205065119,-159.524056822604,-0.0986308955818444
"2086",20.86,54.737906718448,-159.597867562105,-0.0986771777363927
"2087",20.87,54.7626069518965,-159.671675602311,-0.0987234590294146
"2088",20.88,54.7873057655426,-159.74548094336,-0.0987697394499305
"2089",20.89,54.8120031594871,-159.819283584299,-0.0988160190073438
"2090",20.9,54.836699133791,-159.893083526093,-0.0988622976903423
"2091",20.91,54.8613936885615,-159.966880767481,-0.0989085754982171
"2092",20.92,54.8860868238752,-160.040675308677,-0.0989548524490657
"2093",20.93,54.9107785398212,-160.114467149294,-0.0990011285295641
"2094",20.94,54.9354688364608,-160.188256290272,-0.0990474037408357
"2095",20.95,54.9601577138966,-160.262042730582,-0.0990936780778521
"2096",20.96,54.9848451722127,-160.335826470079,-0.0991399515533846
"2097",20.97,55.0095312114923,-160.40960750865,-0.0991862241577069
"2098",20.98,55.0342158318131,-160.483385846465,-0.0992324958973401
"2099",20.99,55.0588990332695,-160.557161482877,-0.0992787667671476
"2100",21,55.083580815931,-160.630934418445,-0.0993250367660406
"2101",21.01,55.1082611798961,-160.704704652329,-0.0993713059096681
"2102",21.02,55.1329401252356,-160.778472185021,-0.0994175741748511
"2103",21.03,55.1576176520531,-160.852237015445,-0.0994638415850083
"2104",21.04,55.1822937604093,-160.925999144572,-0.0995101081103724
"2105",21.05,55.206968450405,-160.999758571466,-0.0995563737877666
"2106",21.06,55.2316417221146,-161.073515296434,-0.0996026385922125
"2107",21.07,55.2563135756311,-161.147269318916,-0.099648902524565
"2108",21.08,55.2809840110304,-161.221020639162,-0.0996951655974037
"2109",21.09,55.3056530283949,-161.294769257096,-0.0997414278045473
"2110",21.1,55.33032062782,-161.368515172054,-0.0997876891454783
"2111",21.11,55.3549868093854,-161.442258384089,-0.09983394961244
"2112",21.12,55.379651573165,-161.515998893549,-0.0998802092223268
"2113",21.13,55.4043149192543,-161.589736699744,-0.0999264679676337
"2114",21.14,55.4289768477356,-161.663471802626,-0.099972725850561
"2115",21.15,55.4536373586844,-161.737204202455,-0.100018982862675
"2116",21.16,55.4782964522063,-161.810933898072,-0.100065239008332
"2117",21.17,55.5029541283576,-161.884660890652,-0.100111494299808
"2118",21.18,55.5276103872433,-161.958385179063,-0.100157748713138
"2119",21.19,55.5522652289314,-162.03210676393,-0.10020400227666
"2120",21.2,55.5769186535285,-162.105825644047,-0.100250254973625
"2121",21.21,55.6015706610977,-162.179541820265,-0.100296506791791
"2122",21.22,55.6262212517251,-162.253255292345,-0.100342757761045
"2123",21.23,55.6508704255104,-162.326966059419,-0.100389007867305
"2124",21.24,55.6755181825194,-162.400674122207,-0.10043525710055
"2125",21.25,55.7001645228511,-162.474379479869,-0.100481505477123
"2126",21.26,55.7248094465748,-162.54808213296,-0.100527752984531
"2127",21.27,55.7494529537927,-162.621782080491,-0.10057399964114
"2128",21.28,55.7740950445779,-162.695479322838,-0.100620245429267
"2129",21.29,55.7987357190045,-162.769173860339,-0.100666490348447
"2130",21.3,55.8233749771821,-162.842865691651,-0.10071273440918
"2131",21.31,55.8480128191685,-162.916554817876,-0.100758977607177
"2132",21.32,55.8726492450664,-162.990241238008,-0.100805219949252
"2133",21.33,55.8972842549535,-163.063924952198,-0.10085146142672
"2134",21.34,55.9219178489206,-163.137605960002,-0.100897702048911
"2135",21.35,55.9465500270335,-163.211284262146,-0.100943941796343
"2136",21.36,55.9711807893993,-163.284959857407,-0.100990180686371
"2137",21.37,55.9958101360824,-163.358632746574,-0.101036418714858
"2138",21.38,56.0204380671841,-163.432302928707,-0.101082655883292
"2139",21.39,56.0450645827748,-163.505970404313,-0.101128892196118
"2140",21.4,56.0696896829439,-163.57963517301,-0.101175127648516
"2141",21.41,56.0943133677905,-163.653297233956,-0.101221362228253
"2142",21.42,56.1189356373765,-163.726956588059,-0.101267595963463
"2143",21.43,56.1435564917818,-163.800613235376,-0.101313828831536
"2144",21.44,56.1681759311099,-163.874267174869,-0.101360060830282
"2145",21.45,56.1927939554412,-163.94791840658,-0.101406291982041
"2146",21.46,56.2174105648643,-164.021566930157,-0.101452522271038
"2147",21.47,56.2420257594507,-164.095212746061,-0.101498751703775
"2148",21.48,56.2666395392825,-164.168855854255,-0.101544980273992
"2149",21.49,56.2912519044545,-164.2424962541,-0.101591207981783
"2150",21.5,56.3158628550552,-164.31613394526,-0.101637434834434
"2151",21.51,56.3404723911574,-164.389768928129,-0.10168366082483
"2152",21.52,56.3650805128565,-164.463401202053,-0.101729885956812
"2153",21.53,56.3896872202166,-164.537030767827,-0.101776110238215
"2154",21.54,56.4142925133555,-164.610657623752,-0.101822333653555
"2155",21.55,56.438896392321,-164.684281771381,-0.10186855621022
"2156",21.56,56.4634988572248,-164.757903209307,-0.101914777911753
"2157",21.57,56.488099908128,-164.831521938463,-0.101960998752954
"2158",21.58,56.5126995451341,-164.90513795782,-0.102007218739507
"2159",21.59,56.5372977683282,-164.978751267202,-0.102053437868454
"2160",21.6,56.5618945777777,-165.052361867251,-0.102099656140187
"2161",21.61,56.586489973584,-165.125969757033,-0.102145873551926
"2162",21.62,56.6110839558189,-165.199574936993,-0.102192090115685
"2163",21.63,56.6356765245702,-165.273177406827,-0.102238305809255
"2164",21.64,56.6602676799237,-165.346777166328,-0.102284520657376
"2165",21.65,56.6848574219706,-165.420374215041,-0.102330734641499
"2166",21.66,56.7094457507802,-165.493968553522,-0.102376947767222
"2167",21.67,56.734032666451,-165.567560180975,-0.10242316004842
"2168",21.68,56.7586181690624,-165.641149097484,-0.102469371461709
"2169",21.69,56.7832022586994,-165.714735302887,-0.102515582031141
"2170",21.7,56.8077849354448,-165.788318797117,-0.102561791739601
"2171",21.71,56.8323661993742,-165.861899580436,-0.102608000591966
"2172",21.72,56.8569460505793,-165.935477652364,-0.102654208587994
"2173",21.73,56.8815244891549,-166.009053012283,-0.102700415727704
"2174",21.74,56.9061015151703,-166.082625660751,-0.10274662201451
"2175",21.75,56.9306771287281,-166.156195596789,-0.102792827450286
"2176",21.76,56.9552513298916,-166.229762821224,-0.102839032021114
"2177",21.77,56.9798241187537,-166.30332733353,-0.102885235744169
"2178",21.78,57.0043954954069,-166.376889133192,-0.102931438613493
"2179",21.79,57.0289654599148,-166.45044822103,-0.102977640630921
"2180",21.8,57.0535340123996,-166.524004595168,-0.10302384178245
"2181",21.81,57.0781011528951,-166.597558257789,-0.10307004210203
"2182",21.82,57.1026668815326,-166.671109206602,-0.103116241549267
"2183",21.83,57.1272311896998,-166.744657839855,-0.103162439386819
"2184",21.84,57.1517940947971,-166.81820336401,-0.103208637131076
"2185",21.85,57.1763555882693,-166.891746174873,-0.103254834022239
"2186",21.86,57.2009156702009,-166.965286272303,-0.103301030060474
"2187",21.87,57.2254743406764,-167.038823656161,-0.10334722524593
"2188",21.88,57.2500315997803,-167.112358326306,-0.103393419578778
"2189",21.89,57.274587447597,-167.185890282596,-0.103439613059201
"2190",21.9,57.2991418842111,-167.259419524894,-0.103485805687351
"2191",21.91,57.323694909707,-167.332946053058,-0.103531997463405
"2192",21.92,57.3482465241691,-167.406469866948,-0.103578188387522
"2193",21.93,57.3727967276822,-167.479990966424,-0.103624378459883
"2194",21.94,57.3973455203305,-167.553509351345,-0.103670567680646
"2195",21.95,57.4218929021987,-167.627025021573,-0.103716756049976
"2196",21.96,57.4464388733712,-167.700537976967,-0.10376294356805
"2197",21.97,57.4709834339326,-167.774048217387,-0.103809130235017
"2198",21.98,57.4955265839675,-167.847555742692,-0.103855316051066
"2199",21.99,57.5200683235602,-167.921060552743,-0.103901501016358
"2200",22,57.5446086527954,-167.994562647402,-0.10394768513105
"2201",22.01,57.5691475717576,-168.068062026525,-0.103993868395329
"2202",22.02,57.5936850805314,-168.141558689976,-0.104040050809348
"2203",22.03,57.6182211792012,-168.215052637613,-0.104086232373275
"2204",22.04,57.6427558678517,-168.288543869297,-0.104132413087282
"2205",22.05,57.6672891465674,-168.362032384889,-0.104178592951548
"2206",22.06,57.6918210154329,-168.435518184248,-0.104224771966208
"2207",22.07,57.7163514745328,-168.509001267235,-0.104270950131464
"2208",22.08,57.7408805239515,-168.58248163371,-0.104317127447468
"2209",22.09,57.7654081637737,-168.655959283535,-0.104363303914391
"2210",22.1,57.7899343940841,-168.729434216568,-0.104409479532397
"2211",22.11,57.8144592149671,-168.802906432672,-0.104455654301644
"2212",22.12,57.8389826265073,-168.876375931705,-0.104501828222322
"2213",22.13,57.8635046287894,-168.949842713529,-0.104548001294595
"2214",22.14,57.888025221898,-169.023306778004,-0.104594173518613
"2215",22.15,57.9125444059177,-169.096768124992,-0.104640344894559
"2216",22.16,57.937062180933,-169.170226754351,-0.104686515422595
"2217",22.17,57.9615785470286,-169.243682665945,-0.104732685102883
"2218",22.18,57.9860935042892,-169.317135859632,-0.104778853935603
"2219",22.19,58.0106070527993,-169.390586335274,-0.104825021920919
"2220",22.2,58.0351191926436,-169.464034092731,-0.104871189059001
"2221",22.21,58.0596299239067,-169.537479131865,-0.104917355350006
"2222",22.22,58.0841392466733,-169.610921452537,-0.104963520794118
"2223",22.23,58.1086471610279,-169.684361054606,-0.105009685391491
"2224",22.24,58.1331536670554,-169.757797937935,-0.105055849142299
"2225",22.25,58.1576587648402,-169.831232102383,-0.105102012046706
"2226",22.26,58.1821624544671,-169.904663547812,-0.10514817410489
"2227",22.27,58.2066647360208,-169.978092274084,-0.105194335316992
"2228",22.28,58.2311656095859,-170.051518281058,-0.105240495683216
"2229",22.29,58.255665075247,-170.124941568596,-0.105286655203711
"2230",22.3,58.2801631330889,-170.19836213656,-0.10533281387865
"2231",22.31,58.3046597831963,-170.271779984811,-0.105378971708182
"2232",22.32,58.3291550256538,-170.345195113208,-0.105425128692498
"2233",22.33,58.3536488605461,-170.418607521615,-0.105471284831767
"2234",22.34,58.3781412879581,-170.492017209891,-0.105517440126149
"2235",22.35,58.4026323079742,-170.565424177899,-0.105563594575804
"2236",22.36,58.4271219206792,-170.638828425499,-0.105609748180904
"2237",22.37,58.451610126158,-170.712229952554,-0.105655900941623
"2238",22.38,58.4760969244951,-170.785628758924,-0.105702052858132
"2239",22.39,58.5005823157753,-170.859024844471,-0.105748203930582
"2240",22.4,58.5250663000834,-170.932418209056,-0.105794354159167
"2241",22.41,58.549548877504,-171.00580885254,-0.105840503544023
"2242",22.42,58.5740300481219,-171.079196774787,-0.105886652085351
"2243",22.43,58.5985098120219,-171.152581975655,-0.105932799783298
"2244",22.44,58.6229881692886,-171.225964455009,-0.10597894663803
"2245",22.45,58.6474651200069,-171.299344212708,-0.106025092649733
"2246",22.46,58.6719406642615,-171.372721248615,-0.106071237818552
"2247",22.47,58.6964148021372,-171.446095562592,-0.10611738214468
"2248",22.48,58.7208875337187,-171.519467154498,-0.106163525628263
"2249",22.49,58.7453588590908,-171.592836024199,-0.106209668269494
"2250",22.5,58.7698287783382,-171.666202171554,-0.106255810068512
"2251",22.51,58.7942972915459,-171.739565596424,-0.106301951025492
"2252",22.52,58.8187643987984,-171.812926298675,-0.106348091140619
"2253",22.53,58.8432301001808,-171.886284278163,-0.106394230414054
"2254",22.54,58.8676943957776,-171.959639534755,-0.106440368845952
"2255",22.55,58.8921572856738,-172.032992068311,-0.106486506436502
"2256",22.56,58.9166187699541,-172.106341878692,-0.106532643185851
"2257",22.57,58.9410788487033,-172.179688965762,-0.106578779094178
"2258",22.58,58.9655375220064,-172.253033329382,-0.106624914161656
"2259",22.59,58.9899947899479,-172.326374969414,-0.106671048388436
"2260",22.6,59.0144506526129,-172.39971388572,-0.106717181774714
"2261",22.61,59.0389051100861,-172.473050078162,-0.106763314320633
"2262",22.62,59.0633581624524,-172.546383546604,-0.106809446026364
"2263",22.63,59.0878098097966,-172.619714290906,-0.106855576892097
"2264",22.64,59.1122600522035,-172.693042310931,-0.10690170691798
"2265",22.65,59.136708889758,-172.766367606542,-0.10694783610418
"2266",22.66,59.161156322545,-172.8396901776,-0.106993964450872
"2267",22.67,59.1856023506492,-172.913010023968,-0.107040091958236
"2268",22.68,59.2100469741556,-172.986327145509,-0.107086218626413
"2269",22.69,59.2344901931491,-173.059641542084,-0.107132344455591
"2270",22.7,59.2589320077144,-173.132953213557,-0.107178469445932
"2271",22.71,59.2833724179366,-173.20626215979,-0.107224593597601
"2272",22.72,59.3078114239003,-173.279568380645,-0.107270716910794
"2273",22.73,59.3322490256907,-173.352871875984,-0.107316839385616
"2274",22.74,59.3566852233924,-173.426172645671,-0.107362961022299
"2275",22.75,59.3811200170905,-173.499470689569,-0.107409081820976
"2276",22.76,59.4055534068698,-173.572766007539,-0.107455201781837
"2277",22.77,59.4299853928152,-173.646058599444,-0.107501320905049
"2278",22.78,59.4544159750117,-173.719348465147,-0.107547439190761
"2279",22.79,59.4788451535441,-173.792635604512,-0.10759355663916
"2280",22.8,59.5032729284975,-173.8659200174,-0.107639673250402
"2281",22.81,59.5276992999566,-173.939201703675,-0.107685789024641
"2282",22.82,59.5521242680064,-174.012480663198,-0.107731903962086
"2283",22.83,59.5765478327319,-174.085756895834,-0.10777801806287
"2284",22.84,59.600969994218,-174.159030401445,-0.107824131327184
"2285",22.85,59.6253907525496,-174.232301179894,-0.107870243755184
"2286",22.86,59.6498101078117,-174.305569231045,-0.107916355347043
"2287",22.87,59.6742280600892,-174.378834554759,-0.107962466102934
"2288",22.88,59.6986446094672,-174.452097150901,-0.108008576023016
"2289",22.89,59.7230597560305,-174.525357019332,-0.108054685107462
"2290",22.9,59.747473499864,-174.598614159918,-0.108100793356431
"2291",22.91,59.7718858410529,-174.67186857252,-0.108146900770104
"2292",22.92,59.7962967796821,-174.745120257,-0.108193007348647
"2293",22.93,59.8207063158365,-174.818369213225,-0.108239113092219
"2294",22.94,59.8451144496012,-174.891615441055,-0.108285218001011
"2295",22.95,59.869521181061,-174.964858940355,-0.108331322075176
"2296",22.96,59.8939265103011,-175.038099710988,-0.108377425314876
"2297",22.97,59.9183304374064,-175.111337752817,-0.10842352772028
"2298",22.98,59.9427329624619,-175.184573065705,-0.10846962929158
"2299",22.99,59.9671340855526,-175.257805649516,-0.108515730028922
"2300",23,59.9915338067635,-175.331035504115,-0.108561829932478
"2301",23.01,60.0159321261797,-175.404262629362,-0.108607929002419
"2302",23.02,60.0403290438862,-175.477487025123,-0.10865402723891
"2303",23.03,60.064724559968,-175.550708691262,-0.108700124642128
"2304",23.04,60.0891186745101,-175.623927627641,-0.108746221212244
"2305",23.05,60.1135113875976,-175.697143834124,-0.1087923169494
"2306",23.06,60.1379026993155,-175.770357310574,-0.108838411853809
"2307",23.07,60.1622926097489,-175.843568056857,-0.108884505925596
"2308",23.08,60.1866811189827,-175.916776072834,-0.108930599164961
"2309",23.09,60.2110682271022,-175.989981358371,-0.108976691572055
"2310",23.1,60.2354539341922,-176.06318391333,-0.109022783147049
"2311",23.11,60.259838240338,-176.136383737576,-0.109068873890119
"2312",23.12,60.2842211456244,-176.209580830973,-0.109114963801428
"2313",23.13,60.3086026501368,-176.282775193384,-0.109161052881141
"2314",23.14,60.33298275396,-176.355966824673,-0.109207141129429
"2315",23.15,60.3573614571792,-176.429155724706,-0.109253228546478
"2316",23.16,60.3817387598795,-176.502341893343,-0.109299315132419
"2317",23.17,60.406114662146,-176.575525330452,-0.109345400887472
"2318",23.18,60.4304891640637,-176.648706035894,-0.109391485811762
"2319",23.19,60.4548622657178,-176.721884009536,-0.109437569905473
"2320",23.2,60.4792339671934,-176.795059251239,-0.109483653168768
"2321",23.21,60.5036042685756,-176.86823176087,-0.109529735601831
"2322",23.22,60.5279731699494,-176.94140153829,-0.109575817204807
"2323",23.23,60.5523406714001,-177.014568583368,-0.109621897977898
"2324",23.24,60.5767067730128,-177.087732895964,-0.109667977921248
"2325",23.25,60.6010714748725,-177.160894475943,-0.109714057035022
"2326",23.26,60.6254347770644,-177.234053323171,-0.109760135319411
"2327",23.27,60.6497966796736,-177.307209437511,-0.109806212774573
"2328",23.28,60.6741571827854,-177.380362818828,-0.109852289400669
"2329",23.29,60.6985162864848,-177.453513466987,-0.109898365197867
"2330",23.3,60.722873990857,-177.526661381851,-0.10994444016634
"2331",23.31,60.7472302959872,-177.599806563285,-0.109990514306279
"2332",23.32,60.7715852019604,-177.672949011154,-0.110036587617818
"2333",23.33,60.7959387088619,-177.746088725323,-0.110082660101141
"2334",23.34,60.8202908167769,-177.819225705655,-0.110128731756429
"2335",23.35,60.8446415257905,-177.892359952017,-0.110174802583831
"2336",23.36,60.868990835988,-177.965491464271,-0.110220872583525
"2337",23.37,60.8933387474544,-178.038620242282,-0.110266941755681
"2338",23.38,60.917685260275,-178.111746285917,-0.110313010100453
"2339",23.39,60.9420303745349,-178.18486959504,-0.110359077618043
"2340",23.4,60.9663740903195,-178.257990169514,-0.110405144308587
"2341",23.41,60.9907164077138,-178.331108009205,-0.110451210172274
"2342",23.42,61.0150573268032,-178.404223113978,-0.110497275209254
"2343",23.43,61.0393968476727,-178.477335483698,-0.110543339419706
"2344",23.44,61.0637349704076,-178.55044511823,-0.11058940280382
"2345",23.45,61.0880716950932,-178.623552017439,-0.11063546536173
"2346",23.46,61.1124070218146,-178.696656181189,-0.11068152709362
"2347",23.47,61.1367409506572,-178.769757609346,-0.11072758799967
"2348",23.48,61.161073481706,-178.842856301776,-0.110773648080026
"2349",23.49,61.1854046150465,-178.915952258341,-0.110819707334889
"2350",23.5,61.2097343507638,-178.989045478909,-0.110865765764385
"2351",23.51,61.2340626889431,-179.062135963344,-0.110911823368719
"2352",23.52,61.2583896296697,-179.135223711513,-0.110957880148035
"2353",23.53,61.282715173029,-179.208308723277,-0.11100393610253
"2354",23.54,61.3070393191061,-179.281390998506,-0.111049991232354
"2355",23.55,61.3313620679863,-179.354470537062,-0.111096045537678
"2356",23.56,61.3556834197549,-179.427547338812,-0.11114209901867
"2357",23.57,61.3800033744972,-179.500621403621,-0.111188151675514
"2358",23.58,61.4043219322984,-179.573692731355,-0.111234203508345
"2359",23.59,61.4286390932438,-179.646761321878,-0.111280254517359
"2360",23.6,61.4529548574188,-179.719827175057,-0.11132630470272
"2361",23.61,61.4772692249085,-179.792890290757,-0.111372354064611
"2362",23.62,61.5015821957984,-179.865950668843,-0.111418402603185
"2363",23.63,61.5258937701738,-179.93900830918,-0.111464450318601
"2364",23.64,61.5502039481198,-180.012063211636,-0.111510497211045
"2365",23.65,61.574512729722,-180.085115376074,-0.11155654328069
"2366",23.66,61.5988201150654,-180.158164802362,-0.111602588527698
"2367",23.67,61.6231261042356,-180.231211490364,-0.111648632952235
"2368",23.68,61.6474306973178,-180.304255439946,-0.111694676554457
"2369",23.69,61.6717338943973,-180.377296650975,-0.111740719334559
"2370",23.7,61.6960356955595,-180.450335123315,-0.111786761292706
"2371",23.71,61.7203361008898,-180.523370856834,-0.111832802429052
"2372",23.72,61.7446351104734,-180.596403851395,-0.111878842743779
"2373",23.73,61.7689327243958,-180.669434106867,-0.111924882237054
"2374",23.74,61.7932289427422,-180.742461623113,-0.111970920909049
"2375",23.75,61.8175237655981,-180.815486400002,-0.112016958759912
"2376",23.76,61.8418171930487,-180.888508437398,-0.112062995789845
"2377",23.77,61.8661092251796,-180.961527735167,-0.112109031998991
"2378",23.78,61.890399862076,-181.034544293176,-0.112155067387542
"2379",23.79,61.9146891038233,-181.107558111291,-0.112201101955636
"2380",23.8,61.9389769505069,-181.180569189378,-0.112247135703478
"2381",23.81,61.9632634022122,-181.253577527302,-0.112293168631214
"2382",23.82,61.9875484590246,-181.326583124932,-0.112339200739019
"2383",23.83,62.0118321210295,-181.399585982131,-0.112385232027059
"2384",23.84,62.0361143883123,-181.472586098767,-0.112431262495525
"2385",23.85,62.0603952609583,-181.545583474707,-0.112477292144557
"2386",23.86,62.0846747390531,-181.618578109816,-0.112523320974337
"2387",23.87,62.1089528226819,-181.691570003962,-0.112569348985038
"2388",23.88,62.1332295119303,-181.764559157009,-0.112615376176815
"2389",23.89,62.1575048068837,-181.837545568825,-0.112661402549856
"2390",23.9,62.1817787076274,-181.910529239277,-0.112707428104317
"2391",23.91,62.2060512142469,-181.98351016823,-0.112753452840371
"2392",23.92,62.2303223268277,-182.056488355552,-0.112799476758196
"2393",23.93,62.2545920454552,-182.129463801108,-0.112845499857937
"2394",23.94,62.2788603702148,-182.202436504767,-0.112891522139795
"2395",23.95,62.303127301192,-182.275406466393,-0.112937543603922
"2396",23.96,62.3273928384722,-182.348373685854,-0.112983564250493
"2397",23.97,62.351656982141,-182.421338163017,-0.113029584079663
"2398",23.98,62.3759197322837,-182.494299897749,-0.113075603091635
"2399",23.99,62.4001810889858,-182.567258889915,-0.11312162128653
"2400",24,62.4244410523329,-182.640215139383,-0.11316763866457
"2401",24.01,62.4486996224103,-182.713168646021,-0.11321365522588
"2402",24.02,62.4729567993036,-182.786119409694,-0.113259670970651
"2403",24.03,62.4972125830983,-182.85906743027,-0.11330568589906
"2404",24.04,62.5214669738798,-182.932012707615,-0.11335170001125
"2405",24.05,62.5457199717336,-183.004955241598,-0.113397713307415
"2406",24.06,62.5699715767453,-183.077895032084,-0.113443725787718
"2407",24.07,62.5942217890004,-183.150832078941,-0.113489737452322
"2408",24.08,62.6184706085843,-183.223766382035,-0.113535748301408
"2409",24.09,62.6427180355825,-183.296697941235,-0.113581758335129
"2410",24.1,62.6669640700807,-183.369626756406,-0.113627767553669
"2411",24.11,62.6912087121642,-183.442552827418,-0.113673775957188
"2412",24.12,62.7154519619187,-183.515476154135,-0.113719783545875
"2413",24.13,62.7396938194297,-183.588396736428,-0.113765790319874
"2414",24.14,62.7639342847826,-183.66131457416,-0.113811796279357
"2415",24.15,62.7881733580632,-183.734229667201,-0.113857801424512
"2416",24.16,62.8124110393568,-183.807142015419,-0.113903805755508
"2417",24.17,62.836647328749,-183.880051618679,-0.113949809272489
"2418",24.18,62.8608822263254,-183.95295847685,-0.113995811975653
"2419",24.19,62.8851157321716,-184.0258625898,-0.114041813865152
"2420",24.2,62.9093478463731,-184.098763957394,-0.114087814941156
"2421",24.21,62.9335785690155,-184.171662579503,-0.114133815203852
"2422",24.22,62.9578079001843,-184.244558455992,-0.11417981465339
"2423",24.23,62.9820358399652,-184.317451586729,-0.114225813289942
"2424",24.24,63.0062623884437,-184.390341971583,-0.1142718111137
"2425",24.25,63.0304875457054,-184.46322961042,-0.114317808124798
"2426",24.26,63.0547113118358,-184.536114503109,-0.114363804323437
"2427",24.27,63.0789336869207,-184.608996649518,-0.114409799709772
"2428",24.28,63.1031546710455,-184.681876049512,-0.114455794283971
"2429",24.29,63.1273742642959,-184.754752702963,-0.11450178804621
"2430",24.3,63.1515924667575,-184.827626609734,-0.114547780996652
"2431",24.31,63.1758092785159,-184.900497769697,-0.114593773135483
"2432",24.32,63.2000246996567,-184.973366182719,-0.11463976446284
"2433",24.33,63.2242387302656,-185.046231848667,-0.114685754978941
"2434",24.34,63.2484513704281,-185.119094767408,-0.114731744683918
"2435",24.35,63.27266262023,-185.191954938813,-0.114777733577942
"2436",24.36,63.2968724797567,-185.264812362748,-0.114823721661195
"2437",24.37,63.321080949094,-185.337667039081,-0.114869708933833
"2438",24.38,63.3452880283276,-185.410518967681,-0.114915695396062
"2439",24.39,63.369493717543,-185.483368148416,-0.114961681048012
"2440",24.4,63.3936980168259,-185.556214581153,-0.115007665889872
"2441",24.41,63.417900926262,-185.629058265762,-0.115053649921809
"2442",24.42,63.4421024459369,-185.70189920211,-0.115099633143985
"2443",24.43,63.4663025759363,-185.774737390066,-0.11514561555657
"2444",24.44,63.4905013163459,-185.847572829499,-0.115191597159739
"2445",24.45,63.5146986672513,-185.920405520275,-0.115237577953681
"2446",24.46,63.5388946287383,-185.993235462264,-0.115283557938531
"2447",24.47,63.5630892008924,-186.066062655335,-0.115329537114481
"2448",24.48,63.5872823837994,-186.138887099356,-0.11537551548169
"2449",24.49,63.611474177545,-186.211708794194,-0.115421493040337
"2450",24.5,63.6356645822149,-186.284527739719,-0.11546746979058
"2451",24.51,63.6598535978948,-186.357343935798,-0.11551344573261
"2452",24.52,63.6840412246704,-186.430157382302,-0.11555942086658
"2453",24.53,63.7082274626273,-186.502968079099,-0.115605395192664
"2454",24.54,63.7324123118514,-186.575776026057,-0.115651368711018
"2455",24.55,63.7565957724283,-186.648581223044,-0.115697341421841
"2456",24.56,63.7807778444437,-186.721383669931,-0.115743313325287
"2457",24.57,63.8049585279835,-186.794183366584,-0.115789284421515
"2458",24.58,63.8291378231332,-186.866980312874,-0.11583525471072
"2459",24.59,63.8533157299787,-186.939774508668,-0.115881224193054
"2460",24.6,63.8774922486056,-187.012565953837,-0.115927192868693
"2461",24.61,63.9016673790999,-187.085354648247,-0.115973160737802
"2462",24.62,63.925841121547,-187.158140591771,-0.116019127800552
"2463",24.63,63.950013476033,-187.230923784273,-0.116065094057125
"2464",24.64,63.9741844426434,-187.303704225627,-0.116111059507673
"2465",24.65,63.9983540214641,-187.376481915698,-0.116157024152381
"2466",24.66,64.0225222125808,-187.449256854358,-0.116202987991399
"2467",24.67,64.0466890160793,-187.522029041474,-0.11624895102492
"2468",24.68,64.0708544320453,-187.594798476916,-0.116294913253107
"2469",24.69,64.0950184605647,-187.667565160554,-0.116340874676128
"2470",24.7,64.1191811017233,-187.740329092255,-0.116386835294146
"2471",24.71,64.1433423556068,-187.813090271891,-0.116432795107352
"2472",24.72,64.167502222301,-187.885848699329,-0.116478754115891
"2473",24.73,64.1916607018917,-187.95860437444,-0.116524712319942
"2474",24.74,64.2158177944648,-188.031357297092,-0.116570669719696
"2475",24.75,64.2399735001059,-188.104107467154,-0.116616626315273
"2476",24.76,64.264127818901,-188.176854884498,-0.116662582106891
"2477",24.77,64.2882807509359,-188.249599548991,-0.116708537094712
"2478",24.78,64.3124322962963,-188.322341460504,-0.116754491278889
"2479",24.79,64.3365824550682,-188.395080618905,-0.116800444659592
"2480",24.8,64.3607312273372,-188.467817024064,-0.116846397237019
"2481",24.81,64.3848786131894,-188.540550675851,-0.116892349011327
"2482",24.82,64.4090246127104,-188.613281574136,-0.116938299982657
"2483",24.83,64.4331692259861,-188.686009718788,-0.116984250151207
"2484",24.84,64.4573124531024,-188.758735109677,-0.117030199517146
"2485",24.85,64.4814542941452,-188.831457746673,-0.117076148080652
"2486",24.86,64.5055947492002,-188.904177629645,-0.11712209584187
"2487",24.87,64.5297338183534,-188.976894758463,-0.117168042800986
"2488",24.88,64.5538715016907,-189.049609132996,-0.117213988958184
"2489",24.89,64.5780077992977,-189.122320753116,-0.117259934313603
"2490",24.9,64.6021427112606,-189.195029618692,-0.117305878867436
"2491",24.91,64.6262762376651,-189.267735729593,-0.117351822619847
"2492",24.92,64.650408378597,-189.34043908569,-0.117397765570996
"2493",24.93,64.6745391341424,-189.413139686852,-0.117443707721083
"2494",24.94,64.698668504387,-189.48583753295,-0.117489649070234
"2495",24.95,64.7227964894168,-189.558532623854,-0.117535589618675
"2496",24.96,64.7469230893178,-189.631224959433,-0.117581529366513
"2497",24.97,64.7710483041757,-189.703914539558,-0.117627468313969
"2498",24.98,64.7951721340764,-189.776601364099,-0.117673406461193
"2499",24.99,64.819294579106,-189.849285432927,-0.117719343808337
"2500",25,64.8434156393502,-189.921966745911,-0.117765280355617
"2501",25.01,64.8675353148951,-189.994645302922,-0.117811216103176
"2502",25.02,64.8916536058266,-190.067321103829,-0.117857151051175
"2503",25.03,64.9157705122305,-190.139994148506,-0.117903085199796
"2504",25.04,64.9398860341929,-190.212664436818,-0.117949018549209
"2505",25.05,64.9640001717996,-190.285331968639,-0.117994951099594
"2506",25.06,64.9881129251366,-190.357996743839,-0.118040882851097
"2507",25.07,65.0122242942898,-190.430658762288,-0.118086813803913
"2508",25.08,65.0363342793453,-190.503318023857,-0.118132743958207
"2509",25.09,65.0604428803888,-190.575974528416,-0.118178673314138
"2510",25.1,65.0845500975066,-190.648628275835,-0.118224601871878
"2511",25.11,65.1086559307843,-190.721279265985,-0.118270529631606
"2512",25.12,65.1327603803081,-190.793927498738,-0.118316456593491
"2513",25.13,65.1568634461639,-190.866572973963,-0.118362382757707
"2514",25.14,65.1809651284377,-190.939215691532,-0.118408308124408
"2515",25.15,65.2050654272154,-191.011855651315,-0.118454232693782
"2516",25.16,65.2291643425831,-191.084492853183,-0.118500156465989
"2517",25.17,65.2532618746268,-191.157127297006,-0.118546079441208
"2518",25.18,65.2773580234323,-191.229758982656,-0.118592001619598
"2519",25.19,65.3014527890858,-191.302387910002,-0.118637923001348
"2520",25.2,65.3255461716732,-191.375014078919,-0.118683843586603
"2521",25.21,65.3496381712806,-191.447637489274,-0.118729763375559
"2522",25.22,65.3737287879939,-191.520258140939,-0.118775682368369
"2523",25.23,65.3978180218992,-191.592876033787,-0.118821600565213
"2524",25.24,65.4219058730824,-191.665491167685,-0.118867517966254
"2525",25.25,65.4459923416297,-191.738103542507,-0.118913434571663
"2526",25.26,65.470077427627,-191.810713158124,-0.118959350381625
"2527",25.27,65.4941611311603,-191.883320014406,-0.119005265396294
"2528",25.28,65.5182434523158,-191.955924111227,-0.119051179615844
"2529",25.29,65.5423243911794,-192.028525448454,-0.119097093040431
"2530",25.3,65.5664039478371,-192.101124025961,-0.119143005670272
"2531",25.31,65.5904821223752,-192.173719843619,-0.1191889175055
"2532",25.32,65.6145589148795,-192.2463129013,-0.119234828546294
"2533",25.33,65.6386343254361,-192.318903198873,-0.119280738792815
"2534",25.34,65.6627083541312,-192.391490736211,-0.119326648245235
"2535",25.35,65.6867810010507,-192.464075513186,-0.119372556903743
"2536",25.36,65.7108522662808,-192.536657529668,-0.11941846476852
"2537",25.37,65.7349221499075,-192.609236785529,-0.119464371839685
"2538",25.38,65.7589906520169,-192.681813280642,-0.119510278117449
"2539",25.39,65.7830577726951,-192.754387014876,-0.119556183601971
"2540",25.4,65.8071235120281,-192.826957988104,-0.119602088293434
"2541",25.41,65.8311878701021,-192.899526200198,-0.119647992191977
"2542",25.42,65.8552508470032,-192.972091651029,-0.119693895297821
"2543",25.43,65.8793124428174,-193.044654340469,-0.119739797611081
"2544",25.44,65.9033726576309,-193.11721426839,-0.119785699131984
"2545",25.45,65.9274314915298,-193.189771434663,-0.119831599860646
"2546",25.46,65.9514889446001,-193.26232583916,-0.119877499797272
"2547",25.47,65.9755450169281,-193.334877481754,-0.119923398942018
"2548",25.48,65.9995997085997,-193.407426362316,-0.119969297295071
"2549",25.49,66.0236530197013,-193.479972480717,-0.120015194856588
"2550",25.5,66.0477049503188,-193.55251583683,-0.120061091626736
"2551",25.51,66.0717555005384,-193.625056430528,-0.120106987605696
"2552",25.52,66.0958046704463,-193.697594261681,-0.120152882793626
"2553",25.53,66.1198524601285,-193.770129330161,-0.12019877719071
"2554",25.54,66.1438988696713,-193.842661635843,-0.120244670797118
"2555",25.55,66.1679438991608,-193.915191178596,-0.120290563613026
"2556",25.56,66.1919875486832,-193.987717958293,-0.120336455638596
"2557",25.57,66.2160298183246,-194.060241974807,-0.120382346873979
"2558",25.58,66.2400707081711,-194.132763228009,-0.12042823731939
"2559",25.59,66.264110218309,-194.205281717772,-0.120474126974961
"2560",25.6,66.2881483488244,-194.277797443969,-0.120520015840883
"2561",25.61,66.3121850998034,-194.350310406471,-0.120565903917325
"2562",25.62,66.3362204713324,-194.422820605151,-0.120611791204439
"2563",25.63,66.3602544634974,-194.495328039882,-0.120657677702426
"2564",25.64,66.3842870763846,-194.567832710535,-0.120703563411429
"2565",25.65,66.4083183100803,-194.640334616983,-0.120749448331649
"2566",25.66,66.4323481646707,-194.7128337591,-0.120795332463233
"2567",25.67,66.4563766402419,-194.785330136755,-0.120841215806346
"2568",25.68,66.48040373688,-194.857823749825,-0.120887098361183
"2569",25.69,66.5044294546715,-194.930314598179,-0.120932980127904
"2570",25.7,66.5284537937025,-195.002802681691,-0.120978861106664
"2571",25.71,66.5524767540591,-195.075288000235,-0.121024741297676
"2572",25.72,66.5764983358277,-195.147770553681,-0.121070620701079
"2573",25.73,66.6005185390943,-195.220250341904,-0.121116499317031
"2574",25.74,66.6245373639454,-195.292727364776,-0.121162377145737
"2575",25.75,66.6485548104671,-195.365201622169,-0.121208254187358
"2576",25.76,66.6725708787456,-195.437673113958,-0.121254130442034
"2577",25.77,66.6965855688672,-195.510141840013,-0.121300005909972
"2578",25.78,66.7205988809182,-195.582607800209,-0.121345880591331
"2579",25.79,66.7446108149847,-195.655070994419,-0.121391754486295
"2580",25.8,66.7686213711531,-195.727531422514,-0.121437627595008
"2581",25.81,66.7926305495096,-195.799989084369,-0.121483499917666
"2582",25.82,66.8166383501405,-195.872443979856,-0.121529371454427
"2583",25.83,66.840644773132,-195.944896108849,-0.121575242205473
"2584",25.84,66.8646498185704,-196.01734547122,-0.121621112170948
"2585",25.85,66.888653486542,-196.089792066844,-0.121666981351054
"2586",25.86,66.9126557771331,-196.162235895591,-0.121712849745951
"2587",25.87,66.93665669043,-196.234676957336,-0.1217587173558
"2588",25.88,66.960656226519,-196.307115251954,-0.121804584180795
"2589",25.89,66.9846543854862,-196.379550779317,-0.121850450221084
"2590",25.9,67.0086511674182,-196.451983539296,-0.121896315476849
"2591",25.91,67.032646572401,-196.524413531768,-0.121942179948252
"2592",25.92,67.0566406005211,-196.596840756604,-0.121988043635486
"2593",25.93,67.0806332518648,-196.669265213679,-0.122033906538689
"2594",25.94,67.1046245265184,-196.741686902865,-0.122079768658064
"2595",25.95,67.1286144245682,-196.814105824035,-0.12212562999376
"2596",25.96,67.1526029461005,-196.886521977066,-0.122171490545965
"2597",25.97,67.1765900912016,-196.958935361828,-0.122217350314843
"2598",25.98,67.200575859958,-197.031345978195,-0.122263209300559
"2599",25.99,67.2245602524558,-197.103753826044,-0.122309067503291
"2600",26,67.2485432687816,-197.176158905244,-0.122354924923206
"2601",26.01,67.2725249090215,-197.248561215672,-0.122400781560492
"2602",26.02,67.296505173262,-197.3209607572,-0.12244663741528
"2603",26.03,67.3204840615893,-197.393357529703,-0.122492492487776
"2604",26.04,67.34446157409,-197.465751533054,-0.122538346778156
"2605",26.05,67.3684377108503,-197.538142767126,-0.122584200286578
"2606",26.06,67.3924124719565,-197.610531231795,-0.122630053013183
"2607",26.07,67.4163858574952,-197.682916926933,-0.122675904958184
"2608",26.08,67.4403578675525,-197.755299852416,-0.122721756121739
"2609",26.09,67.464328502215,-197.827680008116,-0.122767606504047
"2610",26.1,67.4882977615689,-197.900057393907,-0.12281345610522
"2611",26.11,67.5122656457008,-197.972432009665,-0.122859304925488
"2612",26.12,67.5362321546968,-198.044803855263,-0.122905152964971
"2613",26.13,67.5601972886436,-198.117172930574,-0.122951000223876
"2614",26.14,67.5841610476274,-198.189539235474,-0.122996846702358
"2615",26.15,67.6081234317347,-198.261902769836,-0.123042692400593
"2616",26.16,67.6320844410518,-198.334263533535,-0.123088537318768
"2617",26.17,67.6560440756652,-198.406621526445,-0.123134381457021
"2618",26.18,67.6800023356613,-198.47897674844,-0.123180224815551
"2619",26.19,67.7039592211266,-198.551329199394,-0.123226067394508
"2620",26.2,67.7279147321473,-198.623678879182,-0.123271909194077
"2621",26.21,67.75186886881,-198.696025787678,-0.123317750214439
"2622",26.22,67.7758216312012,-198.768369924758,-0.123363590455761
"2623",26.23,67.7997730194071,-198.840711290293,-0.123409429918188
"2624",26.24,67.8237230335143,-198.913049884161,-0.123455268601918
"2625",26.25,67.8476716736092,-198.985385706235,-0.1235011065071
"2626",26.26,67.8716189397783,-199.05771875639,-0.123546943633934
"2627",26.27,67.895564832108,-199.1300490345,-0.123592779982581
"2628",26.28,67.9195093506847,-199.20237654044,-0.123638615553205
"2629",26.29,67.943452495595,-199.274701274085,-0.123684450345983
"2630",26.3,67.9673942669253,-199.347023235309,-0.123730284361072
"2631",26.31,67.991334664762,-199.419342423987,-0.123776117598665
"2632",26.32,68.0152736891916,-199.491658839995,-0.123821950058921
"2633",26.33,68.0392113403007,-199.563972483205,-0.12386778174202
"2634",26.34,68.0631476181756,-199.636283353495,-0.123913612648116
"2635",26.35,68.0870825229029,-199.708591450738,-0.123959442777411
"2636",26.36,68.1110160545691,-199.780896774808,-0.124005272130031
"2637",26.37,68.1349482132606,-199.853199325584,-0.124051100706197
"2638",26.38,68.1588789990641,-199.925499102935,-0.124096928506061
"2639",26.39,68.1828084120658,-199.997796106742,-0.124142755529766
"2640",26.4,68.2067364523523,-200.070090336877,-0.124188581777521
"2641",26.41,68.2306631200103,-200.142381793214,-0.124234407249499
"2642",26.42,68.2545884151261,-200.214670475631,-0.124280231945849
"2643",26.43,68.2785123377863,-200.286956384001,-0.124326055866745
"2644",26.44,68.3024348880775,-200.3592395182,-0.124371879012367
"2645",26.45,68.3263560660861,-200.431519878103,-0.124417701382876
"2646",26.46,68.3502758718986,-200.503797463585,-0.124463522978463
"2647",26.47,68.3741943056016,-200.576072274523,-0.124509343799274
"2648",26.48,68.3981113672818,-200.648344310791,-0.12455516384551
"2649",26.49,68.4220270570254,-200.720613572263,-0.124600983117331
"2650",26.5,68.4459413749192,-200.792880058816,-0.12464680161489
"2651",26.51,68.4698543210497,-200.865143770327,-0.124692619338378
"2652",26.52,68.4937658955034,-200.937404706668,-0.12473843628797
"2653",26.53,68.5176760983669,-201.009662867717,-0.124784252463816
"2654",26.54,68.5415849297268,-201.08191825335,-0.124830067866099
"2655",26.55,68.5654923896696,-201.154170863439,-0.124875882494995
"2656",26.56,68.5893984782819,-201.226420697863,-0.124921696350689
"2657",26.57,68.6133031956502,-201.298667756497,-0.124967509433305
"2658",26.58,68.6372065418611,-201.370912039215,-0.12501332174307
"2659",26.59,68.6611085170013,-201.443153545895,-0.125059133280121
"2660",26.6,68.6850091211573,-201.515392276411,-0.125104944044639
"2661",26.61,68.7089083544157,-201.587628230641,-0.125150754036819
"2662",26.62,68.7328062168631,-201.659861408458,-0.125196563256793
"2663",26.63,68.7567027085861,-201.73209180974,-0.125242371704749
"2664",26.64,68.7805978296713,-201.804319434361,-0.125288179380867
"2665",26.65,68.8044915802053,-201.876544282199,-0.125333986285301
"2666",26.66,68.8283839602746,-201.948766353129,-0.12537979241823
"2667",26.67,68.8522749699661,-202.020985647026,-0.125425597779848
"2668",26.68,68.8761646093661,-202.093202163768,-0.125471402370291
"2669",26.69,68.9000528785615,-202.165415903229,-0.125517206189761
"2670",26.7,68.9239397776387,-202.237626865287,-0.1255630092384
"2671",26.71,68.9478253066845,-202.309835049817,-0.125608811516397
"2672",26.72,68.9717094657853,-202.382040456696,-0.125654613023931
"2673",26.73,68.9955922550281,-202.454243085799,-0.125700413761152
"2674",26.74,69.0194736744992,-202.526442937003,-0.125746213728266
"2675",26.75,69.0433537242855,-202.598640010183,-0.125792012925406
"2676",26.76,69.0672324044734,-202.670834305218,-0.125837811352761
"2677",26.77,69.0911097151498,-202.743025821982,-0.125883609010515
"2678",26.78,69.1149856564012,-202.815214560353,-0.125929405898814
"2679",26.79,69.1388602283143,-202.887400520206,-0.125975202017845
"2680",26.8,69.1627334309759,-202.959583701418,-0.126020997367784
"2681",26.81,69.1866052644724,-203.031764103866,-0.126066791948798
"2682",26.82,69.2104757288907,-203.103941727426,-0.126112585761054
"2683",26.83,69.2343448243174,-203.176116571973,-0.126158378804721
"2684",26.84,69.2582125508392,-203.248288637387,-0.126204171079979
"2685",26.85,69.2820789085428,-203.320457923542,-0.126249962587001
"2686",26.86,69.3059438975148,-203.392624430315,-0.126295753325954
"2687",26.87,69.329807517842,-203.464788157583,-0.126341543297014
"2688",26.88,69.353669769611,-203.536949105224,-0.126387332500347
"2689",26.89,69.3775306529087,-203.609107273112,-0.126433120936136
"2690",26.9,69.4013901678216,-203.681262661126,-0.126478908604536
"2691",26.91,69.4252483144364,-203.753415269143,-0.126524695505731
"2692",26.92,69.44910509284,-203.825565097038,-0.126570481639889
"2693",26.93,69.472960503119,-203.897712144689,-0.126616267007182
"2694",26.94,69.4968145453601,-203.969856411973,-0.126662051607776
"2695",26.95,69.5206672196501,-204.041997898768,-0.12670783544186
"2696",26.96,69.5445185260756,-204.114136604948,-0.12675361850959
"2697",26.97,69.5683684647235,-204.186272530393,-0.126799400811146
"2698",26.98,69.5922170356805,-204.258405674979,-0.126845182346688
"2699",26.99,69.6160642390333,-204.330536038582,-0.126890963116408
"2700",27,69.6399100748686,-204.402663621081,-0.126936743120452
"2701",27.01,69.6637545432733,-204.474788422353,-0.126982522359016
"2702",27.02,69.687597644334,-204.546910442273,-0.127028300832264
"2703",27.03,69.7114393781375,-204.619029680721,-0.127074078540363
"2704",27.04,69.7352797447707,-204.691146137572,-0.127119855483478
"2705",27.05,69.7591187443201,-204.763259812706,-0.127165631661812
"2706",27.06,69.7829563768727,-204.835370705998,-0.127211407075506
"2707",27.07,69.8067926425152,-204.907478817326,-0.127257181724734
"2708",27.08,69.8306275413344,-204.979584146567,-0.12730295560969
"2709",27.09,69.854461073417,-205.0516866936,-0.127348728730517
"2710",27.1,69.8782932388499,-205.123786458301,-0.127394501087418
"2711",27.11,69.9021240377198,-205.195883440548,-0.127440272680553
"2712",27.12,69.9259534701135,-205.267977640219,-0.127486043510067
"2713",27.13,69.9497815361178,-205.340069057191,-0.127531813576173
"2714",27.14,69.9736082358196,-205.412157691341,-0.127577582879011
"2715",27.15,69.9974335693056,-205.484243542549,-0.127623351418771
"2716",27.16,70.0212575366627,-205.55632661069,-0.127669119195628
"2717",27.17,70.0450801379776,-205.628406895643,-0.127714886209745
"2718",27.18,70.0689013733372,-205.700484397286,-0.127760652461296
"2719",27.19,70.0927212428283,-205.772559115496,-0.127806417950445
"2720",27.2,70.1165397465377,-205.844631050152,-0.12785218267737
"2721",27.21,70.1403568845523,-205.91670020113,-0.127897946642264
"2722",27.22,70.1641726569588,-205.98876656831,-0.127943709845258
"2723",27.23,70.1879870638442,-206.060830151569,-0.127989472286566
"2724",27.24,70.2118001052953,-206.132890950784,-0.128035233966328
"2725",27.25,70.2356117813988,-206.204948965835,-0.12808099488473
"2726",27.26,70.2594220922417,-206.277004196599,-0.128126755041943
"2727",27.27,70.2832310379109,-206.349056642954,-0.128172514438145
"2728",27.28,70.3070386184931,-206.421106304778,-0.128218273073486
"2729",27.29,70.3308448340752,-206.49315318195,-0.128264030948161
"2730",27.3,70.3546496847441,-206.565197274347,-0.128309788062345
"2731",27.31,70.3784531705868,-206.637238581848,-0.128355544416192
"2732",27.32,70.4022552916899,-206.709277104331,-0.12840130000988
"2733",27.33,70.4260560481405,-206.781312841674,-0.128447054843587
"2734",27.34,70.4498554400253,-206.853345793757,-0.128492808917492
"2735",27.35,70.4736534674313,-206.925375960456,-0.128538562231728
"2736",27.36,70.4974501304455,-206.99740334165,-0.128584314786529
"2737",27.37,70.5212454291545,-207.069427937219,-0.128630066582006
"2738",27.38,70.5450393636455,-207.141449747039,-0.128675817618373
"2739",27.39,70.5688319340052,-207.213468770991,-0.128721567895784
"2740",27.4,70.5926231403205,-207.285485008951,-0.128767317414405
"2741",27.41,70.6164129826785,-207.357498460801,-0.128813066174445
"2742",27.42,70.6402014611659,-207.429509126416,-0.128858814176033
"2743",27.43,70.6639885758697,-207.501517005677,-0.12890456141936
"2744",27.44,70.6877743268768,-207.573522098461,-0.128950307904588
"2745",27.45,70.7115587142742,-207.645524404648,-0.128996053631915
"2746",27.46,70.7353417381488,-207.717523924116,-0.129041798601488
"2747",27.47,70.7591233985874,-207.789520656744,-0.129087542813483
"2748",27.48,70.7829036956771,-207.861514602412,-0.129133286268074
"2749",27.49,70.8066826295048,-207.933505760996,-0.129179028965448
"2750",27.5,70.8304602001574,-208.005494132378,-0.129224770905758
"2751",27.51,70.8542364077218,-208.077479716436,-0.129270512089179
"2752",27.52,70.8780112522851,-208.149462513048,-0.129316252515888
"2753",27.53,70.9017847339342,-208.221442522093,-0.129361992186055
"2754",27.54,70.925556852756,-208.29341974345,-0.129407731099864
"2755",27.55,70.9493276088375,-208.365394176999,-0.129453469257458
"2756",27.56,70.9730970022656,-208.43736582262,-0.129499206659054
"2757",27.57,70.9968650331274,-208.509334680189,-0.129544943304783
"2758",27.58,71.0206317015097,-208.581300749588,-0.129590679194841
"2759",27.59,71.0443970074997,-208.653264030695,-0.129636414329384
"2760",27.6,71.0681609511842,-208.72522452339,-0.129682148708597
"2761",27.61,71.0919235326503,-208.79718222755,-0.129727882332637
"2762",27.62,71.1156847519849,-208.869137143058,-0.129773615201698
"2763",27.63,71.1394446092751,-208.94108926979,-0.12981934731595
"2764",27.64,71.1632031046078,-209.013038607627,-0.129865078675544
"2765",27.65,71.18696023807,-209.084985156448,-0.129910809280675
"2766",27.66,71.2107160097487,-209.156928916133,-0.1299565391315
"2767",27.67,71.234470419731,-209.228869886561,-0.130002268228191
"2768",27.68,71.2582234681039,-209.30080806761,-0.130047996570928
"2769",27.69,71.2819751549544,-209.372743459163,-0.130093724159893
"2770",27.7,71.3057254803694,-209.444676061097,-0.130139450995239
"2771",27.71,71.3294744444361,-209.516605873292,-0.130185177077151
"2772",27.72,71.3532220472414,-209.588532895628,-0.130230902405792
"2773",27.73,71.3769682888723,-209.660457127986,-0.130276626981338
"2774",27.74,71.4007131694161,-209.732378570242,-0.130322350803977
"2775",27.75,71.4244566889595,-209.80429722228,-0.130368073873852
"2776",27.76,71.4481988475898,-209.876213083977,-0.130413796191156
"2777",27.77,71.4719396453939,-209.948126155214,-0.130459517756061
"2778",27.78,71.4956790824589,-210.020036435871,-0.130505238568733
"2779",27.79,71.5194171588718,-210.091943925827,-0.130550958629344
"2780",27.8,71.5431538747198,-210.163848624963,-0.130596677938063
"2781",27.81,71.5668892300899,-210.235750533158,-0.130642396495078
"2782",27.82,71.590623225069,-210.307649650292,-0.130688114300544
"2783",27.83,71.6143558597444,-210.379545976246,-0.130733831354637
"2784",27.84,71.6380871342031,-210.4514395109,-0.13077954765755
"2785",27.85,71.6618170485322,-210.523330254133,-0.130825263209426
"2786",27.86,71.6855456028186,-210.595218205826,-0.13087097801046
"2787",27.87,71.7092727971497,-210.667103365859,-0.130916692060813
"2788",27.88,71.7329986316123,-210.738985734112,-0.13096240536065
"2789",27.89,71.7567231062937,-210.810865310465,-0.131008117910156
"2790",27.9,71.7804462212808,-210.8827420948,-0.131053829709508
"2791",27.91,71.8041679766609,-210.954616086995,-0.131099540758869
"2792",27.92,71.827888372521,-211.026487286932,-0.131145251058413
"2793",27.93,71.8516074089483,-211.09835569449,-0.131190960608323
"2794",27.94,71.8753250860297,-211.170221309551,-0.13123666940874
"2795",27.95,71.8990414038525,-211.242084131995,-0.131282377459865
"2796",27.96,71.9227563625038,-211.313944161702,-0.131328084761879
"2797",27.97,71.9464699620707,-211.385801398553,-0.131373791314935
"2798",27.98,71.9701822026403,-211.457655842426,-0.131419497119189
"2799",27.99,71.9938930842997,-211.529507493206,-0.131465202174857
"2800",28,72.0176026071362,-211.601356350771,-0.13151090648209
"2801",28.01,72.0413107712367,-211.673202415003,-0.131556610041055
"2802",28.02,72.0650175766886,-211.745045685781,-0.131602312851928
"2803",28.03,72.0887230235789,-211.816886162985,-0.131648014914876
"2804",28.04,72.1124271119947,-211.8887238465,-0.13169371623009
"2805",28.05,72.1361298420232,-211.960558736204,-0.131739416797723
"2806",28.06,72.1598312137517,-212.032390831977,-0.131785116617964
"2807",28.07,72.1835312272672,-212.104220133701,-0.131830815690982
"2808",28.08,72.2072298826568,-212.176046641259,-0.131876514016928
"2809",28.09,72.2309271800079,-212.247870354527,-0.131922211595999
"2810",28.1,72.2546231194075,-212.319691273391,-0.131967908428364
"2811",28.11,72.2783177009428,-212.391509397728,-0.132013604514194
"2812",28.12,72.3020109247011,-212.463324727422,-0.132059299853656
"2813",28.13,72.3257027907694,-212.535137262353,-0.132104994446935
"2814",28.14,72.349393299235,-212.606947002402,-0.132150688294188
"2815",28.15,72.373082450185,-212.67875394745,-0.132196381395598
"2816",28.16,72.3967702437068,-212.750558097379,-0.132242073751339
"2817",28.17,72.4204566798874,-212.822359452069,-0.13228776536158
"2818",28.18,72.444141758814,-212.894158011403,-0.132333456226482
"2819",28.19,72.467825480574,-212.96595377526,-0.132379146346232
"2820",28.2,72.4915078452544,-213.037746743523,-0.132424835721001
"2821",28.21,72.5151888529425,-213.109536916074,-0.132470524350969
"2822",28.22,72.5388685037255,-213.181324292793,-0.1325162122363
"2823",28.23,72.5625467976907,-213.253108873561,-0.132561899377157
"2824",28.24,72.5862237349253,-213.324890658261,-0.132607585773722
"2825",28.25,72.6098993155164,-213.396669646774,-0.132653271426178
"2826",28.26,72.6335735395513,-213.468445838981,-0.13269895633469
"2827",28.27,72.6572464071173,-213.540219234765,-0.132744640499423
"2828",28.28,72.6809179183017,-213.611989834005,-0.132790323920562
"2829",28.29,72.7045880731915,-213.683757636585,-0.13283600659826
"2830",28.3,72.7282568718742,-213.755522642386,-0.132881688532708
"2831",28.31,72.7519243144369,-213.82728485129,-0.132927369724089
"2832",28.32,72.7755904009669,-213.899044263178,-0.132973050172541
"2833",28.33,72.7992551315515,-213.970800877933,-0.133018729878275
"2834",28.34,72.8229185062779,-214.042554695435,-0.133064408841428
"2835",28.35,72.8465805252334,-214.114305715567,-0.133110087062212
"2836",28.36,72.8702411885052,-214.186053938212,-0.133155764540769
"2837",28.37,72.8939004961807,-214.257799363251,-0.133201441277268
"2838",28.38,72.9175584483471,-214.329541990564,-0.133247117271911
"2839",28.39,72.9412150450917,-214.401281820035,-0.133292792524846
"2840",28.4,72.9648702865018,-214.473018851547,-0.133338467036263
"2841",28.41,72.9885241726646,-214.54475308498,-0.133384140806332
"2842",28.42,73.0121767036675,-214.616484520218,-0.1334298138352
"2843",28.43,73.0358278795978,-214.688213157141,-0.13347548612309
"2844",28.44,73.0594777005427,-214.759938995633,-0.13352115767012
"2845",28.45,73.0831261665896,-214.831662035575,-0.133566828476494
"2846",28.46,73.1067732778258,-214.90338227685,-0.133612498542381
"2847",28.47,73.1304190343385,-214.975099719341,-0.133658167867956
"2848",28.48,73.1540634362151,-215.046814362929,-0.133703836453381
"2849",28.49,73.1777064835429,-215.118526207496,-0.133749504298843
"2850",28.5,73.2013481764093,-215.190235252926,-0.133795171404507
"2851",28.51,73.2249885149016,-215.2619414991,-0.133840837770554
"2852",28.52,73.248627499107,-215.333644945902,-0.13388650339714
"2853",28.53,73.272265129113,-215.405345593213,-0.133932168284448
"2854",28.54,73.2959014050068,-215.477043440916,-0.133977832432647
"2855",28.55,73.3195363268758,-215.548738488894,-0.134023495841923
"2856",28.56,73.3431698948074,-215.620430737029,-0.13406915851244
"2857",28.57,73.3668021088888,-215.692120185204,-0.134114820444364
"2858",28.58,73.3904329692076,-215.763806833301,-0.134160481637876
"2859",28.59,73.4140624758509,-215.835490681205,-0.134206142093145
"2860",28.6,73.4376906289062,-215.907171728796,-0.134251801810348
"2861",28.61,73.4613174284607,-215.978849975958,-0.13429746078966
"2862",28.62,73.484942874602,-216.050525422574,-0.134343119031251
"2863",28.63,73.5085669674174,-216.122198068526,-0.134388776535288
"2864",28.64,73.5321897069942,-216.193867913697,-0.13443443330196
"2865",28.65,73.5558110934198,-216.265534957972,-0.134480089331425
"2866",28.66,73.5794311267816,-216.337199201231,-0.134525744623857
"2867",28.67,73.603049807167,-216.408860643358,-0.134571399179438
"2868",28.68,73.6266671346634,-216.480519284238,-0.134617052998337
"2869",28.69,73.6502831093581,-216.55217512375,-0.13466270608072
"2870",28.7,73.6738977313386,-216.623828161782,-0.134708358426768
"2871",28.71,73.6975110006922,-216.695478398213,-0.134754010036649
"2872",28.72,73.7211229175064,-216.767125832928,-0.134799660910543
"2873",28.73,73.7447334818686,-216.838770465811,-0.134845311048626
"2874",28.74,73.7683426938661,-216.910412296742,-0.134890960451057
"2875",28.75,73.7919505535865,-216.982051325608,-0.134936609118014
"2876",28.76,73.815557061117,-217.053687552292,-0.134982257049675
"2877",28.77,73.8391622165451,-217.125320976675,-0.135027904246205
"2878",28.78,73.8627660199584,-217.196951598642,-0.135073550707796
"2879",28.79,73.8863684714441,-217.268579418075,-0.135119196434595
"2880",28.8,73.9099695710897,-217.34020443486,-0.135164841426795
"2881",28.81,73.9335693189827,-217.411826648878,-0.135210485684549
"2882",28.82,73.9571677152105,-217.483446060013,-0.135256129208067
"2883",28.83,73.9807647598605,-217.55506266815,-0.135301771997484
"2884",28.84,74.0043604530202,-217.626676473172,-0.135347414052989
"2885",28.85,74.0279547947771,-217.698287474961,-0.135393055374761
"2886",28.86,74.0515477852185,-217.769895673402,-0.135438695962942
"2887",28.87,74.075139424432,-217.841501068379,-0.135484335817754
"2888",28.88,74.098729712505,-217.913103659775,-0.135529974939337
"2889",28.89,74.1223186495249,-217.984703447475,-0.135575613327875
"2890",28.9,74.1459062355793,-218.056300431361,-0.13562125098353
"2891",28.91,74.1694924707557,-218.127894611319,-0.135666887906479
"2892",28.92,74.1930773551414,-218.199485987231,-0.135712524096922
"2893",28.93,74.216660888824,-218.271074558981,-0.135758159554997
"2894",28.94,74.2402430718909,-218.342660326454,-0.135803794280892
"2895",28.95,74.2638239044297,-218.414243289534,-0.13584942827478
"2896",28.96,74.2874033865278,-218.485823448104,-0.135895061536838
"2897",28.97,74.3109815182727,-218.557400802049,-0.13594069406722
"2898",28.98,74.334558299752,-218.628975351252,-0.135986325866124
"2899",28.99,74.3581337310531,-218.700547095598,-0.136031956933702
"2900",29,74.3817078122636,-218.77211603497,-0.136077587270144
"2901",29.01,74.4052805434708,-218.843682169255,-0.136123216875631
"2902",29.02,74.4288519247624,-218.915245498334,-0.136168845750299
"2903",29.03,74.4524219562259,-218.986806022093,-0.136214473894352
"2904",29.04,74.4759906379488,-219.058363740417,-0.136260101307964
"2905",29.05,74.4995579700186,-219.129918653188,-0.136305727991311
"2906",29.06,74.5231239525228,-219.201470760293,-0.136351353944526
"2907",29.07,74.546688585549,-219.273020061614,-0.136396979167814
"2908",29.08,74.5702518691847,-219.344566557036,-0.136442603661373
"2909",29.09,74.5938138035174,-219.416110246445,-0.136488227425327
"2910",29.1,74.6173743886347,-219.487651129724,-0.136533850459873
"2911",29.11,74.6409336246241,-219.559189206759,-0.136579472765182
"2912",29.12,74.6644915115732,-219.630724477433,-0.136625094341445
"2913",29.13,74.6880480495696,-219.702256941631,-0.136670715188796
"2914",29.14,74.7116032387007,-219.773786599238,-0.136716335307447
"2915",29.15,74.7351570790541,-219.845313450139,-0.136761954697556
"2916",29.16,74.7587095707175,-219.916837494219,-0.136807573359279
"2917",29.17,74.7822607137783,-219.98835873136,-0.136853191292809
"2918",29.18,74.8058105083241,-220.05987716145,-0.136898808498331
"2919",29.19,74.8293589544426,-220.131392784373,-0.136944424975992
"2920",29.2,74.8529060522213,-220.202905600014,-0.136990040725982
"2921",29.21,74.8764518017477,-220.274415608257,-0.137035655748483
"2922",29.22,74.8999962031095,-220.345922808987,-0.137081270043637
"2923",29.23,74.9235392563942,-220.41742720209,-0.137126883611627
"2924",29.24,74.9470809616894,-220.48892878745,-0.137172496452641
"2925",29.25,74.9706213190828,-220.560427564953,-0.137218108566861
"2926",29.26,74.9941603286619,-220.631923534484,-0.137263719954439
"2927",29.27,75.0176979905143,-220.703416695927,-0.137309330615556
"2928",29.28,75.0412343047276,-220.774907049168,-0.137354940550366
"2929",29.29,75.0647692713895,-220.846394594092,-0.13740054975908
"2930",29.3,75.0883028905875,-220.917879330584,-0.137446158241831
"2931",29.31,75.1118351624094,-220.989361258529,-0.13749176599883
"2932",29.32,75.1353660869426,-221.060840377814,-0.137537373030243
"2933",29.33,75.1588956642747,-221.132316688323,-0.137582979336221
"2934",29.34,75.1824238944936,-221.203790189941,-0.13762858491695
"2935",29.35,75.2059507776867,-221.275260882553,-0.137674189772603
"2936",29.36,75.2294763139417,-221.346728766047,-0.137719793903365
"2937",29.37,75.2530005033463,-221.418193840306,-0.137765397309387
"2938",29.38,75.276523345988,-221.489656105216,-0.137810999990862
"2939",29.39,75.3000448419545,-221.561115560664,-0.137856601947963
"2940",29.4,75.3235649913336,-221.632572206533,-0.137902203180844
"2941",29.41,75.3470837942127,-221.704026042711,-0.137947803689695
"2942",29.42,75.3706012506797,-221.775477069082,-0.137993403474691
"2943",29.43,75.394117360822,-221.846925285533,-0.138039002535997
"2944",29.44,75.4176321247275,-221.918370691949,-0.138084600873791
"2945",29.45,75.4411455424837,-221.989813288215,-0.138130198488243
"2946",29.46,75.4646576141783,-222.061253074219,-0.138175795379531
"2947",29.47,75.4881683398991,-222.132690049845,-0.138221391547815
"2948",29.48,75.5116777197337,-222.204124214979,-0.138266986993293
"2949",29.49,75.5351857537697,-222.275555569507,-0.13831258171612
"2950",29.5,75.5586924420948,-222.346984113316,-0.138358175716478
"2951",29.51,75.5821977847968,-222.418409846292,-0.138403768994532
"2952",29.52,75.6057017819633,-222.489832768317,-0.138449361550467
"2953",29.53,75.629204433682,-222.561252879282,-0.138494953384457
"2954",29.54,75.6527057400406,-222.632670179072,-0.138540544496654
"2955",29.55,75.6762057011269,-222.704084667572,-0.138586134887259
"2956",29.56,75.6997043170285,-222.775496344668,-0.138631724556425
"2957",29.57,75.723201587833,-222.846905210246,-0.138677313504329
"2958",29.58,75.7466975136283,-222.918311264195,-0.138722901731162
"2959",29.59,75.7701920945021,-222.989714506397,-0.138768489237074
"2960",29.6,75.7936853305421,-223.061114936741,-0.138814076022266
"2961",29.61,75.8171772218359,-223.132512555113,-0.138859662086875
"2962",29.62,75.8406677684714,-223.203907361399,-0.138905247431121
"2963",29.63,75.8641569705362,-223.275299355485,-0.13895083205513
"2964",29.64,75.8876448281181,-223.346688537259,-0.13899641595911
"2965",29.65,75.9111313413047,-223.418074906607,-0.139041999143201
"2966",29.66,75.934616510184,-223.489458463412,-0.139087581607617
"2967",29.67,75.9581003348435,-223.560839207567,-0.13913316335251
"2968",29.68,75.9815828153711,-223.632217138953,-0.139178744378053
"2969",29.69,76.0050639518545,-223.703592257459,-0.139224324684416
"2970",29.7,76.0285437443814,-223.774964562971,-0.139269904271795
"2971",29.71,76.0520221930396,-223.846334055376,-0.139315483140327
"2972",29.72,76.0754992979169,-223.917700734561,-0.139361061290217
"2973",29.73,76.098975059101,-223.989064600412,-0.139406638721641
"2974",29.74,76.1224494766797,-224.060425652817,-0.139452215434746
"2975",29.75,76.1459225507407,-224.131783891661,-0.139497791429719
"2976",29.76,76.1693942813719,-224.203139316833,-0.13954336670675
"2977",29.77,76.192864668661,-224.274491928218,-0.139588941265976
"2978",29.78,76.2163337126958,-224.345841725703,-0.139634515107605
"2979",29.79,76.2398014135641,-224.417188709176,-0.139680088231781
"2980",29.8,76.2632677713536,-224.488532878525,-0.139725660638711
"2981",29.81,76.2867327861522,-224.559874233634,-0.139771232328552
"2982",29.82,76.3101964580476,-224.631212774393,-0.139816803301471
"2983",29.83,76.3336587871277,-224.702548500687,-0.139862373557655
"2984",29.84,76.3571197734803,-224.773881412404,-0.139907943097256
"2985",29.85,76.3805794171931,-224.845211509432,-0.139953511920475
"2986",29.86,76.4040377183539,-224.916538791656,-0.139999080027478
"2987",29.87,76.4274946770507,-224.987863258966,-0.140044647418414
"2988",29.88,76.4509502933711,-225.059184911248,-0.1400902140935
"2989",29.89,76.4744045674031,-225.130503748388,-0.140135780052881
"2990",29.9,76.4978574992344,-225.201819770276,-0.14018134529674
"2991",29.91,76.5213090889528,-225.273132976797,-0.140226909825242
"2992",29.92,76.5447593366462,-225.34444336784,-0.140272473638555
"2993",29.93,76.5682082424025,-225.415750943291,-0.140318036736873
"2994",29.94,76.5916558063094,-225.487055703039,-0.140363599120369
"2995",29.95,76.6151020284548,-225.558357646971,-0.140409160789203
"2996",29.96,76.6385469089266,-225.629656774974,-0.140454721743549
"2997",29.97,76.6619904478125,-225.700953086936,-0.140500281983587
"2998",29.98,76.6854326452005,-225.772246582746,-0.140545841509495
"2999",29.99,76.7088735011783,-225.843537262289,-0.140591400321438
"3000",30,76.732313015834,-225.914825125455,-0.140636958419609
"3001",30.1,76.9666344089971,-226.627548831646,-0.141092500181157
"3002",30.2,77.2008217666024,-227.339990776793,-0.141547970755283
"3003",30.3,77.4348751765631,-228.052150849191,-0.142003370315872
"3004",30.4,77.6687947268256,-228.764028937498,-0.142458699036967
"3005",30.5,77.9025805053705,-229.475624930724,-0.142913957092587
"3006",30.6,78.1362326002115,-230.186938718237,-0.143369144656806
"3007",30.7,78.3697510993958,-230.897970189764,-0.143824261903799
"3008",30.8,78.6031360910036,-231.608719235387,-0.144279309007759
"3009",30.9,78.8363876631481,-232.319185745549,-0.144734286142936
"3010",31,79.0695059039751,-233.029369611047,-0.145189193483667
"3011",31.1,79.302490901663,-233.739270723038,-0.145644031204292
"3012",31.2,79.5353427444226,-234.448888973041,-0.146098799479201
"3013",31.3,79.7680615204969,-235.158224252925,-0.146553498482891
"3014",31.4,80.0006473181608,-235.867276454926,-0.147008128389855
"3015",31.5,80.2331002257209,-236.576045471636,-0.147462689374642
"3016",31.6,80.4654203315157,-237.284531196004,-0.147917181611876
"3017",31.7,80.6976077239149,-237.992733521342,-0.148371605276219
"3018",31.8,80.9296624913195,-238.700652341319,-0.148825960542351
"3019",31.9,81.1615847221615,-239.408287549966,-0.149280247585038
"3020",32,81.3933745049039,-240.115639041672,-0.149734466579084
"3021",32.1,81.6250319280403,-240.822706711186,-0.150188617699311
"3022",32.2,81.8565570800949,-241.52949045362,-0.150642701120638
"3023",32.3,82.0879500496219,-242.235990164444,-0.151096717017964
"3024",32.4,82.319210925206,-242.942205739489,-0.151550665566305
"3025",32.5,82.5503397954615,-243.64813707495,-0.152004546940643
"3026",32.6,82.7813367490329,-244.353784067378,-0.152458361316051
"3027",32.7,83.0122018745937,-245.05914661369,-0.152912108867662
"3028",32.8,83.2429352608472,-245.764224611162,-0.153365789770615
"3029",32.9,83.4735369965258,-246.469017957432,-0.153819404200075
"3030",33,83.7040071703909,-247.1735265505,-0.154272952331304
"3031",33.1,83.9343458712324,-247.877750288729,-0.154726434339577
"3032",33.2,84.1645531878694,-248.581689070842,-0.155179850400181
"3033",33.3,84.394629209149,-249.285342795927,-0.155633200688478
"3034",33.4,84.6245740239466,-249.988711363433,-0.15608648537987
"3035",33.5,84.854387721166,-250.691794673172,-0.156539704649768
"3036",33.6,85.0840703897386,-251.394592625319,-0.156992858673669
"3037",33.7,85.3136221186235,-252.097105120411,-0.157445947627043
"3038",33.8,85.5430429968073,-252.79933205935,-0.157898971685438
"3039",33.9,85.772333113304,-253.501273343401,-0.158351931024441
"3040",34,86.0014925571547,-254.202928874192,-0.158804825819659
"3041",34.1,86.2305214174276,-254.904298553715,-0.159257656246734
"3042",34.2,86.4594197832174,-255.605382284325,-0.159710422481348
"3043",34.3,86.6881877436455,-256.306179968741,-0.160163124699235
"3044",34.4,86.9168253878595,-257.006691510049,-0.160615763076122
"3045",34.5,87.1453328050337,-257.706916811696,-0.161068337787776
"3046",34.6,87.3737100843679,-258.406855777494,-0.161520849010049
"3047",34.7,87.601957315088,-259.106508311621,-0.161973296918765
"3048",34.8,87.8300745864453,-259.80587431862,-0.162425681689795
"3049",34.9,88.0580619877168,-260.504953703394,-0.162878003499052
"3050",35,88.2859196082046,-261.203746371219,-0.163330262522484
"3051",35.1,88.5136475372359,-261.90225222773,-0.163782458936055
"3052",35.2,88.7412458641629,-262.60047117893,-0.164234592915738
"3053",35.3,88.9687146783623,-263.298403131187,-0.164686664637571
"3054",35.4,89.1960540692355,-263.996047991233,-0.165138674277625
"3055",35.5,89.4232641262082,-264.693405666168,-0.165590622011939
"3056",35.6,89.6503449387301,-265.390476063457,-0.166042508016653
"3057",35.7,89.8772965962749,-266.087259090932,-0.166494332467889
"3058",35.8,90.1041191883402,-266.783754656786,-0.166946095541794
"3059",35.9,90.330812804447,-267.479962669586,-0.167397797414567
"3060",36,90.5573775341398,-268.175883038259,-0.167849438262399
"3061",36.1,90.7838134669862,-268.871515672103,-0.168301018261541
"3062",36.2,91.0101206925769,-269.566860480778,-0.168752537588231
"3063",36.3,91.2362993005255,-270.261917374315,-0.169203996418754
"3064",36.4,91.462349380468,-270.956686263108,-0.169655394929397
"3065",36.5,91.6882710220629,-271.651167057922,-0.170106733296507
"3066",36.6,91.9140643149913,-272.345359669885,-0.170558011696412
"3067",36.7,92.1397293489559,-273.039264010494,-0.171009230305472
"3068",36.8,92.3652662136817,-273.732879991614,-0.171460389300086
"3069",36.9,92.590674998915,-274.426207525475,-0.171911488856661
"3070",37,92.815955794424,-275.119246524677,-0.172362529151583
"3071",37.1,93.0411086899979,-275.811996902186,-0.172813510361348
"3072",37.2,93.2661337754474,-276.504458571335,-0.173264432662374
"3073",37.3,93.4910311406037,-277.196631445828,-0.173715296231145
"3074",37.4,93.715800875319,-277.888515439731,-0.174166101244188
"3075",37.5,93.9404430694663,-278.580110467485,-0.174616847877982
"3076",37.6,94.1649578129386,-279.271416443893,-0.175067536309064
"3077",37.7,94.3893451956493,-279.962433284129,-0.175518166713967
"3078",37.8,94.6136053075318,-280.653160903735,-0.175968739269257
"3079",37.9,94.8377382385393,-281.34359921862,-0.176419254151517
"3080",38,95.0617440786446,-282.033748145062,-0.17686971153731
"3081",38.1,95.2856229178401,-282.723607599709,-0.17732011160324
"3082",38.2,95.5093748461372,-283.413177499575,-0.177770454525933
"3083",38.3,95.7329999535667,-284.102457762043,-0.178220740481979
"3084",38.4,95.9564983301781,-284.791448304866,-0.178670969648046
"3085",38.5,96.1798700660396,-285.480149046165,-0.179121142200775
"3086",38.6,96.4031152512379,-286.16855990443,-0.179571258316819
"3087",38.7,96.6262339758782,-286.85668079852,-0.180021318172825
"3088",38.8,96.8492263300837,-287.54451164766,-0.180471321945492
"3089",38.9,97.0720924039955,-288.232052371449,-0.180921269811495
"3090",39,97.2948322877727,-288.919302889851,-0.181371161947528
"3091",39.1,97.5174460715917,-289.606263123202,-0.181820998530302
"3092",39.2,97.7399338456464,-290.292932992205,-0.182270779736505
"3093",39.3,97.9622957001481,-290.979312417933,-0.182720505742861
"3094",39.4,98.1845317253249,-291.665401321828,-0.183170176726099
"3095",39.5,98.4066420114216,-292.351199625702,-0.183619792862937
"3096",39.6,98.6286266487001,-293.036707251736,-0.184069354330091
"3097",39.7,98.8504857274384,-293.72192412248,-0.184518861304344
"3098",39.8,99.0722193379308,-294.406850160855,-0.184968313962394
"3099",39.9,99.2938275704878,-295.091485290149,-0.185417712480994
"3100",40,99.5153105154359,-295.775829434021,-0.185867057036883
"3101",40.1,99.7366682631171,-296.459882516501,-0.186316347806834
"3102",40.2,99.9579009038889,-297.143644461987,-0.186765584967578
"3103",40.3,100.179008528124,-297.827115195245,-0.187214768695887
"3104",40.4,100.399991226212,-298.510294641415,-0.187663899168508
"3105",40.5,100.620849088554,-299.193182726003,-0.188112976562166
"3106",40.6,100.841582205568,-299.875779374887,-0.188562001053664
"3107",40.7,101.062190667688,-300.558084514314,-0.189010972819707
"3108",40.8,101.28267456536,-301.240098070899,-0.189459892037082
"3109",40.9,101.503033989045,-301.921819971632,-0.189908758882526
"3110",41,101.723269029218,-302.603250143867,-0.190357573532778
"3111",41.1,101.943379776369,-303.284388515332,-0.190806336164597
"3112",41.2,102.163366320999,-303.965235014122,-0.19125504695471
"3113",41.3,102.383228753625,-304.645789568706,-0.191703706079872
"3114",41.4,102.602967164777,-305.326052107918,-0.192152313716803
"3115",41.5,102.822581644997,-306.006022560965,-0.192600870042236
"3116",41.6,103.04207228484,-306.685700857426,-0.193049375232876
"3117",41.7,103.261439174875,-307.365086927244,-0.193497829465473
"3118",41.8,103.480682405682,-308.044180700737,-0.19394623291671
"3119",41.9,103.699802067855,-308.722982108591,-0.194394585763299
"3120",42,103.918798251998,-309.401491081865,-0.194842888181936
"3121",42.1,104.13767104873,-310.079707551983,-0.195291140349296
"3122",42.2,104.356420548679,-310.757631450743,-0.195739342442085
"3123",42.3,104.575046842487,-311.43526271031,-0.196187494636931
"3124",42.4,104.793550020804,-312.112601263224,-0.196635597110528
"3125",42.5,105.011930174295,-312.789647042389,-0.197083650039509
"3126",42.6,105.230187393634,-313.466399981083,-0.197531653600533
"3127",42.7,105.448321769507,-314.142860012954,-0.197979607970205
"3128",42.8,105.66633339261,-314.819027072018,-0.198427513325133
"3129",42.9,105.884222353649,-315.494901092661,-0.198875369841941
"3130",43,106.101988743342,-316.170482009641,-0.199323177697212
"3131",43.1,106.319632652415,-316.845769758086,-0.199770937067514
"3132",43.2,106.537154171606,-317.520764273492,-0.200218648129428
"3133",43.3,106.754553391661,-318.195465491726,-0.200666311059486
"3134",43.4,106.971830403337,-318.869873349024,-0.201113926034231
"3135",43.5,107.1889852974,-319.543987781994,-0.201561493230167
"3136",43.6,107.406018164625,-320.217808727613,-0.202009012823818
"3137",43.7,107.622929095796,-320.891336123226,-0.202456484991651
"3138",43.8,107.839718181706,-321.56456990655,-0.202903909910144
"3139",43.9,108.056385513156,-322.237510015672,-0.203351287755742
"3140",44,108.272931180958,-322.910156389048,-0.203798618704879
"3141",44.1,108.48935527593,-323.582508965502,-0.204245902933967
"3142",44.2,108.705657888897,-324.254567684231,-0.20469314061941
"3143",44.3,108.921839110696,-324.926332484799,-0.205140331937582
"3144",44.4,109.137899032167,-325.597803307142,-0.205587477064831
"3145",44.5,109.353837744162,-326.268980091563,-0.2060345761775
"3146",44.6,109.569655337537,-326.939862778736,-0.206481629451895
"3147",44.7,109.785351903157,-327.610451309705,-0.20692863706431
"3148",44.8,110.000927531893,-328.280745625883,-0.207375599191022
"3149",44.9,110.216382314624,-328.950745669051,-0.207822516008272
"3150",45,110.431716342235,-329.620451381362,-0.208269387692275
"3151",45.1,110.646929705618,-330.289862705336,-0.20871621441925
"3152",45.2,110.86202249567,-330.958979583863,-0.209162996365374
"3153",45.3,111.076994803295,-331.627801960203,-0.209609733706781
"3154",45.4,111.291846719404,-332.296329777984,-0.2100564266196
"3155",45.5,111.506578334912,-332.964562981204,-0.210503075279939
"3156",45.6,111.721189740739,-333.63250151423,-0.210949679863859
"3157",45.7,111.935681027814,-334.300145321796,-0.211396240547432
"3158",45.8,112.150052287068,-334.967494349008,-0.211842757506654
"3159",45.9,112.364303609437,-335.634548541339,-0.212289230917537
"3160",46,112.578435085863,-336.30130784463,-0.212735660956019
"3161",46.1,112.792446807294,-336.967772205093,-0.213182047798064
"3162",46.2,113.006338864678,-337.633941569307,-0.213628391619555
"3163",46.3,113.220111348973,-338.299815884221,-0.214074692596398
"3164",46.4,113.433764351137,-338.965395097149,-0.214520950904402
"3165",46.5,113.647297962133,-339.630679155777,-0.214967166719404
"3166",46.6,113.860712272928,-340.29566800816,-0.215413340217188
"3167",46.7,114.074007374493,-340.960361602716,-0.215859471573489
"3168",46.8,114.287183357803,-341.624759888237,-0.216305560964041
"3169",46.9,114.500240313833,-342.288862813879,-0.216751608564529
"3170",47,114.713178333565,-342.95267032917,-0.217197614550607
"3171",47.1,114.925997507982,-343.616182384001,-0.21764357909789
"3172",47.2,115.138697928069,-344.279398928636,-0.218089502381977
"3173",47.3,115.351279684814,-344.9423199137,-0.218535384578406
"3174",47.4,115.563742869209,-345.604945290194,-0.21898122586268
"3175",47.5,115.776087572246,-346.267275009478,-0.219427026410305
"3176",47.6,115.98831388492,-346.929309023288,-0.219872786396699
"3177",47.7,116.200421898227,-347.59104728372,-0.220318505997285
"3178",47.8,116.412411703165,-348.25248974324,-0.220764185387447
"3179",47.9,116.624283390735,-348.913636354684,-0.221209824742481
"3180",48,116.836037051936,-349.574487071251,-0.221655424237696
"3181",48.1,117.047672777771,-350.235041846508,-0.222100984048349
"3182",48.2,117.259190659243,-350.895300634388,-0.222546504349654
"3183",48.3,117.470590787354,-351.555263389194,-0.222991985316779
"3184",48.4,117.681873253109,-352.214930065593,-0.223437427124863
"3185",48.5,117.893038147513,-352.874300618618,-0.223882829949001
"3186",48.6,118.10408556157,-353.53337500367,-0.224328193964244
"3187",48.7,118.315015586284,-354.192153176516,-0.224773519345614
"3188",48.8,118.52582831266,-354.850635093288,-0.225218806268065
"3189",48.9,118.736523831701,-355.508820710485,-0.225664054906533
"3190",49,118.947102234412,-356.166709984972,-0.226109265435893
"3191",49.1,119.157563611796,-356.824302873979,-0.226554438030983
"3192",49.2,119.367908054853,-357.481599335102,-0.226999572866618
"3193",49.3,119.578135654585,-358.138599326303,-0.227444670117509
"3194",49.4,119.788246501992,-358.795302805909,-0.227889729958404
"3195",49.5,119.998240688072,-359.451709732611,-0.228334752563941
"3196",49.6,120.208118303821,-360.10782006547,-0.228779738108749
"3197",49.7,120.417879440234,-360.763633763904,-0.229224686767377
"3198",49.8,120.627524188304,-361.419150787705,-0.22966959871434
"3199",49.9,120.837052639023,-362.07437109702,-0.230114474124137
"3200",50,121.046464883378,-362.72929465237,-0.230559313171156
"3201",50.1,121.255761012355,-363.383921414634,-0.231004116029819
"3202",50.2,121.464941116938,-364.038251345057,-0.231448882874401
"3203",50.3,121.674005288108,-364.692284405251,-0.231893613879237
"3204",50.4,121.882953616842,-365.346020557188,-0.232338309218513
"3205",50.5,122.091786194114,-365.999459763205,-0.232782969066418
"3206",50.6,122.300503110896,-366.652601986005,-0.233227593597068
"3207",50.7,122.509104458155,-367.305447188651,-0.233672182984555
"3208",50.8,122.717590326856,-367.957995334573,-0.234116737402895
"3209",50.9,122.925960807957,-368.610246387561,-0.234561257026049
"3210",51,123.134215992416,-369.262200311772,-0.235005742027958
"3211",51.1,123.342355971183,-369.913857071722,-0.23545019258246
"3212",51.2,123.550380835207,-370.565216632292,-0.235894608863382
"3213",51.3,123.758290675429,-371.216278958725,-0.23633899104447
"3214",51.4,123.966085582789,-371.867044016625,-0.236783339299433
"3215",51.5,124.17376564822,-372.517511771963,-0.237227653801925
"3216",51.6,124.381330962649,-373.167682191069,-0.237671934725538
"3217",51.7,124.588781616999,-373.817555240632,-0.23811618224378
"3218",51.8,124.796117702189,-374.467130887709,-0.238560396530139
"3219",51.9,125.003339309129,-375.116409099714,-0.239004577758052
"3220",52,125.210446528726,-375.765389844426,-0.239448726100889
"3221",52.1,125.41743945188,-376.414073089982,-0.239892841731942
"3222",52.2,125.624318169485,-377.062458804881,-0.24033692482444
"3223",52.3,125.831082772429,-377.710546957984,-0.240780975551618
"3224",52.4,126.037733351594,-378.358337518513,-0.24122499408655
"3225",52.5,126.244269997853,-379.00583045605,-0.241668980602351
"3226",52.6,126.450692802076,-379.653025740537,-0.242112935271994
"3227",52.7,126.657001855122,-380.299923342276,-0.242556858268483
"3228",52.8,126.863197247846,-380.946523231931,-0.243000749764649
"3229",52.9,127.069279071094,-381.592825380523,-0.243444609933332
"3230",53,127.275247415706,-382.238829759435,-0.243888438947297
"3231",53.1,127.481102372512,-382.884536340409,-0.244332236979264
"3232",53.2,127.686844032337,-383.529945095545,-0.244776004201856
"3233",53.3,127.892472485995,-384.175055997304,-0.245219740787627
"3234",53.4,128.097987824296,-384.819869018505,-0.245663446909127
"3235",53.5,128.303390138036,-385.464384132326,-0.24610712273876
"3236",53.6,128.508679518008,-386.108601312302,-0.246550768448953
"3237",53.7,128.713856054994,-386.752520532329,-0.246994384211999
"3238",53.8,128.918919839765,-387.396141766659,-0.247437970200146
"3239",53.9,129.123870963088,-388.039464989902,-0.24788152658557
"3240",54,129.328709515716,-388.682490177029,-0.248325053540412
"3241",54.1,129.533435588396,-389.325217303362,-0.248768551236697
"3242",54.2,129.738049271863,-389.967646344588,-0.249212019846431
"3243",54.3,129.942550656844,-390.609777276745,-0.249655459541528
"3244",54.4,130.146939834057,-391.25161007623,-0.250098870493796
"3245",54.5,130.351216894207,-391.893144719798,-0.250542252875074
"3246",54.6,130.555381927991,-392.534381184558,-0.250985606857015
"3247",54.7,130.759435026095,-393.175319447978,-0.251428932611272
"3248",54.8,130.963376279196,-393.81595948788,-0.251872230309429
"3249",54.9,131.167205777958,-394.456301282443,-0.252315500122986
"3250",55,131.370923613035,-395.096344810199,-0.252758742223346
"3251",55.1,131.57452987507,-395.73609005004,-0.253201956781876
"3252",55.2,131.778024654697,-396.375536981208,-0.253645143969861
"3253",55.3,131.981408042535,-397.014685583305,-0.254088303958504
"3254",55.4,132.184680129193,-397.653535836283,-0.254531436918964
"3255",55.5,132.387841005271,-398.292087720451,-0.254974543022285
"3256",55.6,132.590890761352,-398.930341216473,-0.255417622439448
"3257",55.7,132.793829488011,-399.568296305365,-0.2558606753414
"3258",55.8,132.996657275809,-400.205952968498,-0.256303701898959
"3259",55.9,133.199374215297,-400.843311187597,-0.256746702282901
"3260",56,133.40198039701,-401.480370944737,-0.257189676663898
"3261",56.1,133.604475911474,-402.117132222353,-0.257632625212604
"3262",56.2,133.806860849198,-402.753595003223,-0.258075548099519
"3263",56.3,134.009135300683,-403.389759270487,-0.258518445495121
"3264",56.4,134.211299356413,-404.025625007632,-0.258961317569815
"3265",56.5,134.41335310686,-404.6611921985,-0.259404164493873
"3266",56.6,134.615296642483,-405.296460827282,-0.25984698643755
"3267",56.7,134.817130053727,-405.931430878522,-0.260289783570964
"3268",56.8,135.018853431023,-406.566102337117,-0.260732556064249
"3269",56.9,135.220466864789,-407.200475188311,-0.26117530408734
"3270",57,135.421970445426,-407.834549417704,-0.26161802781016
"3271",57.1,135.623364263325,-408.468325011244,-0.262060727402574
"3272",57.2,135.82464840886,-409.101801955228,-0.262503403034285
"3273",57.3,136.025822972391,-409.734980236306,-0.262946054874995
"3274",57.4,136.226888044263,-410.367859841476,-0.263388683094312
"3275",57.5,136.427843714805,-411.000440758086,-0.26383128786169
"3276",57.6,136.628690074335,-411.632722973834,-0.264273869346599
"3277",57.7,136.82942721315,-412.264706476766,-0.264716427718366
"3278",57.8,137.030055221536,-412.896391255279,-0.265158963146252
"3279",57.9,137.230574189762,-413.527777298116,-0.265601475799418
"3280",58,137.430984208082,-414.158864594369,-0.266043965847001
"3281",58.1,137.631285366732,-414.78965313348,-0.266486433457961
"3282",58.2,137.831477755935,-415.420142905235,-0.266928878801225
"3283",58.3,138.031561465895,-416.050333899772,-0.267371302045664
"3284",58.4,138.231536586801,-416.680226107573,-0.267813703360012
"3285",58.5,138.431403208826,-417.309819519467,-0.268256082912917
"3286",58.6,138.631161422127,-417.939114126633,-0.268698440872973
"3287",58.7,138.830811316841,-418.568109920593,-0.269140777408697
"3288",58.8,139.03035298309,-419.196806893216,-0.269583092688459
"3289",58.9,139.229786510981,-419.825205036717,-0.270025386880599
"3290",59,139.429111990599,-420.453304343659,-0.270467660153327
"3291",59.1,139.628329512017,-421.081104806945,-0.270909912674798
"3292",59.2,139.827439165286,-421.708606419827,-0.271352144613056
"3293",59.3,140.02644104044,-422.335809175903,-0.271794356136085
"3294",59.4,140.225335227498,-422.962713069111,-0.272236547411724
"3295",59.5,140.424121816458,-423.589318093736,-0.272678718607811
"3296",59.6,140.6228008973,-424.215624244408,-0.273120869891971
"3297",59.7,140.821372559988,-424.841631516098,-0.273563001431862
"3298",59.8,141.019836894465,-425.467339904122,-0.274005113394959
"3299",59.9,141.218193990655,-426.092749404137,-0.274447205948692
"3300",60,141.416443938466,-426.717860012146,-0.274889279260409
"3301",60.1,141.614586827785,-427.342671724492,-0.27533133349734
"3302",60.2,141.81262274848,-427.967184537861,-0.275773368826579
"3303",60.3,142.0105517904,-428.591398449281,-0.276215385415207
"3304",60.4,142.208374043374,-429.21531345612,-0.276657383430198
"3305",60.5,142.406089597212,-429.838929556091,-0.27709936303842
"3306",60.6,142.603698541704,-430.462246747244,-0.277541324406562
"3307",60.7,142.801200966621,-431.085265027971,-0.277983267701373
"3308",60.8,142.998596961713,-431.707984397006,-0.278425193089412
"3309",60.9,143.19588661671,-432.330404853421,-0.278867100737162
"3310",61,143.393070021321,-432.952526396627,-0.279308990810986
"3311",61.1,143.590147265235,-433.574349026378,-0.279750863477181
"3312",61.2,143.787118438122,-434.195872742763,-0.280192718901961
"3313",61.3,143.983983629628,-434.817097546214,-0.28063455725139
"3314",61.4,144.180742929381,-435.438023437498,-0.281076378691472
"3315",61.5,144.377396426985,-436.058650417723,-0.28151818338813
"3316",61.6,144.573944212026,-436.678978488333,-0.28195997150711
"3317",61.7,144.770386374066,-437.29900765111,-0.282401743214175
"3318",61.8,144.966723002646,-437.918737908172,-0.28284349867491
"3319",61.9,145.162954187287,-438.538169261977,-0.283285238054799
"3320",62,145.359080017485,-439.157301715318,-0.283726961519256
"3321",62.1,145.555100582718,-439.776135271324,-0.284168669233602
"3322",62.2,145.751015972438,-440.39466993346,-0.284610361363044
"3323",62.3,145.946826276077,-441.012905705528,-0.28505203807263
"3324",62.4,146.142531583043,-441.630842591665,-0.285493699527397
"3325",62.5,146.338131982724,-442.248480596339,-0.285935345892298
"3326",62.6,146.533627564482,-442.86581972436,-0.286376977332013
"3327",62.7,146.729018417659,-443.482859980867,-0.286818594011337
"3328",62.8,146.924304631571,-444.099601371335,-0.287260196094803
"3329",62.9,147.119486295514,-444.716043901571,-0.287701783746938
"3330",63,147.314563498759,-445.332187577719,-0.288143357132103
"3331",63.1,147.509536330552,-445.948032406251,-0.288584916414592
"3332",63.2,147.70440488012,-446.563578393977,-0.289026461758555
"3333",63.3,147.89916923666,-447.178825548036,-0.28946799332811
"3334",63.4,148.093829489351,-447.793773875901,-0.289909511287191
"3335",63.5,148.288385727344,-448.408423385373,-0.290351015799665
"3336",63.6,148.482838039767,-449.02277408459,-0.290792507029304
"3337",63.7,148.677186515724,-449.636825982017,-0.291233985139747
"3338",63.8,148.871431244295,-450.250579086452,-0.291675450294552
"3339",63.9,149.065572314534,-450.864033407021,-0.292116902657114
"3340",64,149.259609815471,-451.47718895318,-0.292558342390804
"3341",64.1,149.453543836111,-452.090045734719,-0.292999769658854
"3342",64.2,149.647374465434,-452.702603761753,-0.293441184624313
"3343",64.3,149.841101792395,-453.314863044729,-0.29388258745027
"3344",64.4,150.034725905922,-453.926823594417,-0.294323978299564
"3345",64.5,150.228246894921,-454.538485421923,-0.29476535733498
"3346",64.6,150.421664848268,-455.149848538676,-0.295206724719263
"3347",64.7,150.614979854818,-455.760912956434,-0.295648080614934
"3348",64.8,150.808192003395,-456.371678687282,-0.296089425184433
"3349",64.9,151.001301382801,-456.982145743633,-0.29653075859015
"3350",65,151.19430808181,-457.592314138225,-0.296972080994334
"3351",65.1,151.387212189171,-458.202183884121,-0.297413392559035
"3352",65.2,151.580013793603,-458.811754994714,-0.297854693446373
"3353",65.3,151.772712983804,-459.421027483719,-0.29829598381815
"3354",65.4,151.96530984844,-460.030001365179,-0.298737263836242
"3355",65.5,152.157804476153,-460.638676653458,-0.299178533662315
"3356",65.6,152.350196955558,-461.247053363248,-0.299619793457899
"3357",65.7,152.542487375241,-461.855131509561,-0.300061043384484
"3358",65.8,152.734675823762,-462.462911107737,-0.300502283603394
"3359",65.9,152.926762389653,-463.070392173438,-0.300943514275843
"3360",66,153.11874716142,-463.677574722647,-0.301384735562995
"3361",66.1,153.310630227539,-464.284458771673,-0.301825947625784
"3362",66.2,153.50241167646,-464.891044337143,-0.302267150625147
"3363",66.3,153.694091596603,-465.497331436009,-0.302708344721774
"3364",66.4,153.885670076363,-466.103320085545,-0.303149530076436
"3365",66.5,154.077147204103,-466.709010303341,-0.30359070684961
"3366",66.6,154.26852306816,-467.314402107314,-0.304031875201682
"3367",66.7,154.459797756841,-467.919495515701,-0.30447303529297
"3368",66.8,154.650971358428,-468.524290547052,-0.304914187283739
"3369",66.9,154.842043961168,-469.128787220246,-0.30535533133396
"3370",67,155.033015653285,-469.732985554472,-0.305796467603644
"3371",67.1,155.22388652297,-470.336885569246,-0.30623759625263
"3372",67.2,155.414656658387,-470.940487284399,-0.30667871744065
"3373",67.3,155.605326147669,-471.543790720078,-0.307119831327262
"3374",67.4,155.795895078921,-472.146795896752,-0.307560938071935
"3375",67.5,155.986363540218,-472.749502835205,-0.308002037834046
"3376",67.6,156.176731619605,-473.351911556537,-0.308443130772865
"3377",67.7,156.366999405096,-473.954022082167,-0.308884217047526
"3378",67.8,156.557166984677,-474.555834433828,-0.309325296816973
"3379",67.9,156.747234446303,-475.157348633572,-0.309766370240125
"3380",68,156.937201877899,-475.758564703762,-0.310207437475707
"3381",68.1,157.127069367358,-476.35948266708,-0.310648498682429
"3382",68.2,157.316837002546,-476.960102546519,-0.311089554018768
"3383",68.3,157.506504871294,-477.560424365389,-0.31153060364311
"3384",68.4,157.696073061406,-478.160448147315,-0.311971647713786
"3385",68.5,157.885541660653,-478.760173916234,-0.3124126863889
"3386",68.6,158.074910756774,-479.359601696392,-0.312853719826434
"3387",68.7,158.26418043748,-479.958731512354,-0.313294748184448
"3388",68.8,158.453350790448,-480.557563388998,-0.313735771620571
"3389",68.9,158.642421903324,-481.156097351503,-0.314176790292572
"3390",69,158.831393863724,-481.754333425374,-0.314617804357961
"3391",69.1,159.02026675923,-482.352271636419,-0.315058813974089
"3392",69.2,159.209040677394,-482.949912010756,-0.315499819298344
"3393",69.3,159.397715705736,-483.547254574818,-0.315940820487817
"3394",69.4,159.586291931742,-484.144299355345,-0.316381817699637
"3395",69.5,159.774769442867,-484.741046379385,-0.31682281109061
"3396",69.6,159.963148326535,-485.337495674299,-0.317263800817544
"3397",69.7,160.151428670136,-485.933647267755,-0.317704787037163
"3398",69.8,160.339610561027,-486.529501187729,-0.318145769905967
"3399",69.9,160.527694086533,-487.125057462503,-0.318586749580412
"3400",70,160.715679333947,-487.720316120673,-0.319027726216725
"3401",70.1,160.903566390528,-488.315277191135,-0.319468699971048
"3402",70.2,161.091355343501,-488.909940703094,-0.319909670999501
"3403",70.3,161.27904628006,-489.504306686064,-0.320350639457931
"3404",70.4,161.466639287364,-490.09837516986,-0.320791605502096
"3405",70.5,161.65413445254,-490.692146184607,-0.321232569287672
"3406",70.6,161.841531862678,-491.285619760737,-0.321673530970185
"3407",70.7,162.02883160484,-491.878795928976,-0.322114490704964
"3408",70.8,162.216033766049,-492.471674720365,-0.322555448647324
"3409",70.9,162.403138433296,-493.064256166244,-0.322996404952361
"3410",71,162.590145693538,-493.656540298258,-0.323437359775098
"3411",71.1,162.777055633698,-494.248527148356,-0.32387831327047
"3412",71.2,162.963868340665,-494.840216748786,-0.324319265593053
"3413",71.3,163.150583901292,-495.431609132101,-0.324760216897597
"3414",71.4,163.337202402398,-496.022704331154,-0.325201167338591
"3415",71.5,163.523723930768,-496.613502379103,-0.32564211707025
"3416",71.6,163.710148573153,-497.204003309405,-0.326083066246946
"3417",71.7,163.896476416266,-497.794207155815,-0.326524015022676
"3418",71.8,164.082707546789,-498.384113952388,-0.326964963551367
"3419",71.9,164.268842051365,-498.973723733483,-0.327405911986875
"3420",72,164.454880016604,-499.563036533758,-0.327846860482999
"3421",72.1,164.64082152908,-500.152052388164,-0.328287809193101
"3422",72.2,164.826666675331,-500.740771331957,-0.3287287582707
"3423",72.3,165.012415541861,-501.329193400686,-0.329169707869097
"3424",72.4,165.198068215136,-501.917318630201,-0.329610658141498
"3425",72.5,165.383624781587,-502.505147056649,-0.330051609240761
"3426",72.6,165.569085327611,-503.092678716469,-0.330492561319935
"3427",72.7,165.754449939564,-503.679913646406,-0.330933514531731
"3428",72.8,165.939718703772,-504.26685188349,-0.331374469028707
"3429",72.9,166.12489170652,-504.85349346505,-0.331815424963367
"3430",73,166.309969034058,-505.439838428715,-0.332256382488201
"3431",73.1,166.4949507726,-506.025886812401,-0.332697341755195
"3432",73.2,166.679837008321,-506.611638654327,-0.333138302916581
"3433",73.3,166.864627827364,-507.197093992996,-0.333579266124291
"3434",73.4,167.049323315829,-507.78225286721,-0.334020231530119
"3435",73.5,167.233923559784,-508.367115316062,-0.334461199285628
"3436",73.6,167.418428645256,-508.951681378942,-0.334902169542508
"3437",73.7,167.602838658238,-509.535951095525,-0.335343142452065
"3438",73.8,167.787153684684,-510.119924505778,-0.335784118165589
"3439",73.9,167.97137381051,-510.703601649967,-0.336225096834216
"3440",74,168.155499121595,-511.286982568638,-0.33666607860884
"3441",74.1,168.339529703781,-511.870067302637,-0.337107063640438
"3442",74.2,168.523465642871,-512.452855893092,-0.3375480520797
"3443",74.3,168.70730702463,-513.035348381424,-0.337989044077115
"3444",74.4,168.891053934787,-513.617544809346,-0.338430039783133
"3445",74.5,169.07470645903,-514.199445218852,-0.338871039348087
"3446",74.6,169.25826468301,-514.78104965223,-0.33931204292207
"3447",74.7,169.44172869234,-515.362358152054,-0.33975305065517
"3448",74.8,169.625098572594,-515.943370761182,-0.340194062697204
"3449",74.9,169.808374409307,-516.524087522767,-0.340635079197875
"3450",75,169.991556287976,-517.104508480237,-0.341076100306859
"3451",75.1,170.17464429406,-517.684633677312,-0.341517126173647
"3452",75.2,170.357638512976,-518.264463158002,-0.341958156947399
"3453",75.3,170.540539030106,-518.843996966589,-0.342399192777418
"3454",75.4,170.723345930789,-519.423235147653,-0.342840233812657
"3455",75.5,170.906059300327,-520.002177746052,-0.343281280202024
"3456",75.6,171.088679223983,-520.580824806923,-0.343722332094268
"3457",75.7,171.271205786978,-521.159176375696,-0.34416338963799
"3458",75.8,171.453639074496,-521.737232498079,-0.344604452981668
"3459",75.9,171.63597917168,-522.314993220053,-0.345045522273613
"3460",76,171.818226163633,-522.892458587901,-0.345486597662019
"3461",76.1,172.00038013542,-523.469628648173,-0.345927679294924
"3462",76.2,172.182441172063,-524.046503447699,-0.346368767320194
"3463",76.3,172.364409358547,-524.623083033593,-0.346809861885542
"3464",76.4,172.546284779814,-525.199367453251,-0.347250963138644
"3465",76.5,172.728067520766,-525.775356754349,-0.347692071226981
"3466",76.6,172.909757666268,-526.351050984834,-0.34813318629779
"3467",76.7,173.091355301139,-526.926450192944,-0.348574308498301
"3468",76.8,173.272860510162,-527.501554427185,-0.349015437975411
"3469",76.9,173.454273378077,-528.076363736339,-0.34945657487627
"3470",77,173.635593989584,-528.650878169479,-0.349897719347413
"3471",77.1,173.816822429341,-529.225097775943,-0.350338871535516
"3472",77.2,173.997958781965,-529.799022605349,-0.350780031586956
"3473",77.3,174.179003132034,-530.372652707585,-0.351221199648073
"3474",77.4,174.359955564081,-530.945988132825,-0.351662375865077
"3475",77.5,174.540816162602,-531.519028931512,-0.352103560383964
"3476",77.6,174.721585012047,-532.091775154364,-0.35254475335059
"3477",77.7,174.902262196828,-532.664226852374,-0.352985954910532
"3478",77.8,175.082847801315,-533.236384076803,-0.353427165209594
"3479",77.9,175.263341909833,-533.808246879195,-0.353868384393089
"3480",78,175.443744606668,-534.379815311358,-0.354309612606321
"3481",78.1,175.624055976064,-534.951089425375,-0.354750849994321
"3482",78.2,175.804276102221,-535.52206927361,-0.35519209670229
"3483",78.3,175.9844050693,-536.092754908675,-0.355633352874817
"3484",78.4,176.164442961417,-536.663146383475,-0.356074618656804
"3485",78.5,176.344389862646,-537.233243751178,-0.356515894192651
"3486",78.6,176.524245857019,-537.803047065222,-0.356957179626816
"3487",78.7,176.704011028526,-538.372556379312,-0.357398475103531
"3488",78.8,176.883685461113,-538.941771747424,-0.357839780766927
"3489",78.9,177.063269238684,-539.510693223802,-0.358281096760935
"3490",79,177.2427624451,-540.079320862956,-0.358722423229249
"3491",79.1,177.42216516418,-540.647654719668,-0.35916376031569
"3492",79.2,177.601477479698,-541.215694848986,-0.35960510816364
"3493",79.3,177.780699475387,-541.783441306219,-0.360046466916393
"3494",79.4,177.959831234934,-542.350894146951,-0.360487836717329
"3495",79.5,178.138872841986,-542.91805342702,-0.360929217709377
"3496",79.6,178.317824380143,-543.484919202547,-0.361370610035537
"3497",79.7,178.496685932965,-544.051491529899,-0.361812013838379
"3498",79.8,178.675457583966,-544.617770465714,-0.36225342926069
"3499",79.9,178.854139416617,-545.183756066897,-0.362694856444858
"3500",80,179.032731514345,-545.749448390613,-0.363136295533113
"3501",80.1,179.211233960532,-546.314847494297,-0.363577746667629
"3502",80.2,179.38964683852,-546.879953435628,-0.36401920999046
"3503",80.3,179.567970231602,-547.444766272569,-0.364460685643383
"3504",80.4,179.74620422303,-548.00928606333,-0.364902173768084
"3505",80.5,179.924348896009,-548.573512866389,-0.36534367450626
"3506",80.6,180.102404333703,-549.137446740479,-0.365785187999161
"3507",80.7,180.280370619229,-549.701087744597,-0.366226714387945
"3508",80.8,180.458247835659,-550.264435937998,-0.366668253813728
"3509",80.9,180.636036066024,-550.827491380193,-0.367109806417734
"3510",81,180.813735393306,-551.390254130959,-0.367551372340333
"3511",81.1,180.991345900444,-551.952724250325,-0.367992951722314
"3512",81.2,181.168867670333,-552.514901798577,-0.368434544704183
"3513",81.3,181.346300785821,-553.076786836267,-0.368876151426168
"3514",81.4,181.523645329713,-553.638379424188,-0.369317772028604
"3515",81.5,181.700901384766,-554.1996796234,-0.369759406651294
"3516",81.6,181.878069033695,-554.760687495225,-0.370201055434289
"3517",81.7,182.055148359168,-555.32140310122,-0.370642718517139
"3518",81.8,182.232139443806,-555.881826503216,-0.371084396039437
"3519",81.9,182.409042370188,-556.441957763291,-0.371526088140553
"3520",82,182.585857220844,-557.001796943769,-0.371967794959785
"3521",82.1,182.76258407826,-557.561344107248,-0.372409516636253
"3522",82.2,182.939223024877,-558.120599316553,-0.372851253308758
"3523",82.3,183.115774143087,-558.679562634777,-0.37329300511618
"3524",82.4,183.29223751524,-559.238234125264,-0.373734772197047
"3525",82.5,183.468613223636,-559.796613851605,-0.374176554689883
"3526",82.6,183.644901350532,-560.354701877647,-0.374618352733023
"3527",82.7,183.821101978137,-560.912498267479,-0.375060166464517
"3528",82.8,183.997215188614,-561.470003085446,-0.375501996022408
"3529",82.9,184.173241064081,-562.027216396149,-0.375943841544733
"3530",83,184.349179686607,-562.584138264417,-0.376385703168828
"3531",83.1,184.525031138216,-563.140768755352,-0.37682758103242
"3532",83.2,184.700795500884,-563.697107934289,-0.377269475272945
"3533",83.3,184.876472856544,-564.253155866807,-0.377711386027359
"3534",83.4,185.052063287078,-564.808912618746,-0.378153313432974
"3535",83.5,185.227566874321,-565.364378256192,-0.378595257626542
"3536",83.6,185.402983700065,-565.919552845455,-0.379037218745036
"3537",83.7,185.578313846051,-566.474436453121,-0.379479196924749
"3538",83.8,185.753557393975,-567.029029145995,-0.379921192302218
"3539",83.9,185.928714425485,-567.583330991141,-0.380363205013709
"3540",84,186.103785022181,-568.137342055864,-0.380805235195419
"3541",84.1,186.278769265617,-568.691062407711,-0.381247282983232
"3542",84.2,186.453667237299,-569.244492114474,-0.381689348512877
"3543",84.3,186.628479018684,-569.797631244189,-0.382131431920082
"3544",84.4,186.803204691184,-570.35047986513,-0.382573533340313
"3545",84.5,186.977844336162,-570.903038045813,-0.383015652909
"3546",84.6,187.152398034933,-571.455305854996,-0.38345779076114
"3547",84.7,187.326865868763,-572.007283361682,-0.383899947031686
"3548",84.8,187.501247918872,-572.558970635106,-0.384342121855604
"3549",84.9,187.675544266432,-573.110367744753,-0.384784315367795
"3550",85,187.849754992565,-573.661474760332,-0.385226527702315
"3551",85.1,188.023880178346,-574.212291751809,-0.385668758993919
"3552",85.2,188.197919904803,-574.762818789368,-0.386111009376631
"3553",85.3,188.371874252913,-575.313055943454,-0.386553278984469
"3554",85.4,188.545743303606,-575.863003284725,-0.386995567951399
"3555",85.5,188.719527137763,-576.412660884096,-0.387437876411299
"3556",85.6,188.893225836217,-576.962028812708,-0.387880204497437
"3557",85.7,189.066839479753,-577.511107141935,-0.388322552343484
"3558",85.8,189.240368149106,-578.059895943397,-0.388764920082416
"3559",85.9,189.413811924961,-578.608395288941,-0.389207307847663
"3560",86,189.587170887958,-579.156605250642,-0.38964971577186
"3561",86.1,189.760445118684,-579.704525900825,-0.390092143987944
"3562",86.2,189.93363469768,-580.252157312035,-0.390534592628457
"3563",86.3,190.106739705435,-580.799499557058,-0.390977061825885
"3564",86.4,190.279760222392,-581.346552708902,-0.391419551712405
"3565",86.5,190.452696328942,-581.893316840819,-0.391862062420197
"3566",86.6,190.625548105428,-582.439792026289,-0.392304594081374
"3567",86.7,190.798315632145,-582.985978339012,-0.392747146827428
"3568",86.8,190.970998989335,-583.531875852933,-0.393189720790344
"3569",86.9,191.143598257192,-584.077484642219,-0.393632316101317
"3570",87,191.316113515863,-584.622804781267,-0.394074932891766
"3571",87.1,191.488544845441,-585.167836344703,-0.394517571292911
"3572",87.2,191.660892325974,-585.712579407379,-0.39496023143567
"3573",87.3,191.833156037454,-586.257034044388,-0.395402913450813
"3574",87.4,192.005336059829,-586.801200331032,-0.395845617469132
"3575",87.5,192.177432472994,-587.345078342849,-0.396288343621085
"3576",87.6,192.349445356794,-587.888668155602,-0.39673109203694
"3577",87.7,192.521374791026,-588.431969845277,-0.397173862847144
"3578",87.8,192.693220855434,-588.974983488102,-0.397616656181339
"3579",87.9,192.864983629714,-589.517709160494,-0.398059472169582
"3580",88,193.036663193509,-590.060146939134,-0.398502310941565
"3581",88.1,193.208259626415,-590.602296900905,-0.398945172626769
"3582",88.2,193.379773007976,-591.144159122916,-0.399388057354562
"3583",88.3,193.551203417684,-591.685733682501,-0.399830965254139
"3584",88.4,193.722550934983,-592.227020657218,-0.400273896454648
"3585",88.5,193.893815639264,-592.768020124842,-0.400716851084855
"3586",88.6,194.06499760987,-593.308732163371,-0.401159829273415
"3587",88.7,194.236096926091,-593.84915685103,-0.401602831149104
"3588",88.8,194.407113667165,-594.389294266255,-0.40204585684002
"3589",88.9,194.578047912284,-594.929144487709,-0.402488906474544
"3590",89,194.748899740583,-595.46870759427,-0.402931980180761
"3591",89.1,194.919669231149,-596.007983665044,-0.403375078086333
"3592",89.2,195.09035646302,-596.546972779335,-0.403818200319396
"3593",89.3,195.260961515179,-597.085675016683,-0.40426134700715
"3594",89.4,195.431484466559,-597.624090456847,-0.404704518277074
"3595",89.5,195.601925396042,-598.16221917979,-0.405147714256448
"3596",89.6,195.772284382459,-598.700061265693,-0.4055909350726
"3597",89.7,195.942561504588,-599.237616794971,-0.406034180851976
"3598",89.8,196.112756841158,-599.774885848223,-0.406477451721355
"3599",89.9,196.282870470845,-600.311868506299,-0.406920747807831
"3600",90,196.452902472272,-600.848564850232,-0.407364069237277
"3601",90.1,196.622852924013,-601.384974961288,-0.407807416136081
"3602",90.2,196.792721904588,-601.921098920942,-0.408250788630544
"3603",90.3,196.962509492467,-602.456936810878,-0.40869418684626
"3604",90.4,197.132215766066,-602.992488712994,-0.409137610908942
"3605",90.5,197.301840803752,-603.527754709399,-0.409581060944647
"3606",90.6,197.471384683838,-604.062734882415,-0.410024537078306
"3607",90.7,197.640847484584,-604.597429314584,-0.41046803943559
"3608",90.8,197.8102292842,-605.131838088639,-0.410911568141069
"3609",90.9,197.979530160843,-605.66596128754,-0.411355123320199
"3610",91,198.148750192618,-606.199798994443,-0.4117987050974
"3611",91.1,198.317889457577,-606.733351292729,-0.412242313597463
"3612",91.2,198.48694803372,-607.266618265969,-0.412685948944501
"3613",91.3,198.655925998995,-607.799599997961,-0.413129611263055
"3614",91.4,198.824823431296,-608.332296572694,-0.413573300677256
"3615",91.5,198.993640408468,-608.864708074366,-0.414017017310818
"3616",91.6,199.162377008299,-609.396834587404,-0.414460761287585
"3617",91.7,199.331033308526,-609.928676196403,-0.414904532731189
"3618",91.8,199.499609386837,-610.460232986189,-0.415348331764948
"3619",91.9,199.66810532086,-610.991505041791,-0.415792158512303
"3620",92,199.836521188176,-611.522492448441,-0.41623601309614
"3621",92.1,200.004857066311,-612.053195291571,-0.416679895639545
"3622",92.2,200.173113032739,-612.583613656802,-0.417123806265335
"3623",92.3,200.34128916488,-613.113747629998,-0.417567745095843
"3624",92.4,200.5093855401,-613.643597297198,-0.418011712253741
"3625",92.5,200.677402235714,-614.173162744629,-0.418455707861041
"3626",92.6,200.845339328984,-614.702444058748,-0.418899732040169
"3627",92.7,201.013196897117,-615.231441326208,-0.41934378491276
"3628",92.8,201.180975017267,-615.760154633853,-0.419787866600668
"3629",92.9,201.348673766537,-616.288584068719,-0.420231977225748
"3630",93,201.516293221973,-616.816729718063,-0.420676116908803
"3631",93.1,201.683833460569,-617.344591669337,-0.421120285771702
"3632",93.2,201.851294559268,-617.872170010173,-0.421564483935259
"3633",93.3,202.018676594958,-618.399464828412,-0.422008711520423
"3634",93.4,202.18597964447,-618.926476212105,-0.42245296864778
"3635",93.5,202.353203784586,-619.453204249483,-0.422897255438246
"3636",93.6,202.520349092032,-619.979649028977,-0.423341572012024
"3637",93.7,202.687415643482,-620.505810639219,-0.423785918489461
"3638",93.8,202.854403515553,-621.031689169033,-0.424230294990556
"3639",93.9,203.021312784812,-621.557284707435,-0.424674701635546
"3640",94,203.18814352777,-622.082597343648,-0.425119138543529
"3641",94.1,203.354895820883,-622.607627167076,-0.425563605834709
"3642",94.2,203.521569740556,-623.132374267311,-0.426008103628076
"3643",94.3,203.688165363137,-623.656838734162,-0.426452632043079
"3644",94.4,203.854682764922,-624.181020657607,-0.426897191198832
"3645",94.5,204.021122022153,-624.704920127822,-0.42734178121407
"3646",94.6,204.187483211015,-625.22853723519,-0.42778640220766
"3647",94.7,204.353766407643,-625.751872070263,-0.428231054298212
"3648",94.8,204.519971688112,-626.274924723803,-0.428675737604162
"3649",94.9,204.686099128449,-626.797695286734,-0.429120452243339
"3650",95,204.852148804623,-627.320183850206,-0.429565198334452
"3651",95.1,205.018120792549,-627.842390505525,-0.430009975994828
"3652",95.2,205.184015168088,-628.364315344209,-0.430454785342468
"3653",95.3,205.349832007046,-628.885958457952,-0.430899626494922
"3654",95.4,205.515571385173,-629.407319938649,-0.431344499569606
"3655",95.5,205.68123337817,-629.928399878353,-0.431789404683601
"3656",95.6,205.846818061676,-630.449198369331,-0.432234341954179
"3657",95.7,206.012325511281,-630.96971550403,-0.432679311497994
"3658",95.8,206.177755802515,-631.489951375085,-0.433124313431919
"3659",95.9,206.34310901086,-632.009906075294,-0.433569347872419
"3660",96,206.508385211735,-632.529579697676,-0.434014414935866
"3661",96.1,206.673584480512,-633.048972335398,-0.434459514738652
"3662",96.2,206.838706892504,-633.568084081837,-0.434904647396504
"3663",96.3,207.003752522968,-634.086915030537,-0.435349813025668
"3664",96.4,207.168721447107,-634.605465275237,-0.435795011741463
"3665",96.5,207.333613740072,-635.123734909843,-0.436240243659569
"3666",96.6,207.498429476955,-635.641724028465,-0.436685508895702
"3667",96.7,207.663168732793,-636.15943272537,-0.437130807564485
"3668",96.8,207.827831582571,-636.676861095017,-0.43757613978133
"3669",96.9,207.992418101215,-637.194009232048,-0.438021505660864
"3670",97,208.156928363598,-637.710877231279,-0.438466905318098
"3671",97.1,208.321362444538,-638.22746518771,-0.438912338867099
"3672",97.2,208.485720418796,-638.743773196508,-0.439357806422589
"3673",97.3,208.650002361077,-639.259801353041,-0.439803308098757
"3674",97.4,208.814208346035,-639.775549752823,-0.440248844009107
"3675",97.5,208.978338448264,-640.291018491571,-0.440694414268191
"3676",97.6,209.142392742303,-640.806207665178,-0.441140018989125
"3677",97.7,209.306371302637,-641.321117369691,-0.441585658285793
"3678",97.8,209.470274203695,-641.835747701358,-0.442031332271434
"3679",97.9,209.63410151985,-642.35009875659,-0.442477041059024
"3680",98,209.79785332542,-642.864170631965,-0.442922784761498
"3681",98.1,209.961529694664,-643.377963424263,-0.443368563492363
"3682",98.2,210.125130701791,-643.891477230395,-0.443814377363326
"3683",98.3,210.288656420951,-644.404712147481,-0.444260226487843
"3684",98.4,210.452106926236,-644.917668272805,-0.444706110977254
"3685",98.5,210.615482291687,-645.430345703811,-0.445152030944511
"3686",98.6,210.778782591284,-645.942744538139,-0.445597986501052
"3687",98.7,210.942007898955,-646.454864873566,-0.446043977758896
"3688",98.8,211.105158288571,-646.966706808068,-0.446490004829717
"3689",98.9,211.268233833945,-647.478270439784,-0.44693606782511
"3690",99,211.431234608837,-647.98955586702,-0.447382166856214
"3691",99.1,211.594160686948,-648.500563188254,-0.447828302033941
"3692",99.2,211.757012141926,-649.011292502118,-0.448274473469839
"3693",99.3,211.919789047359,-649.521743907446,-0.448720681273919
"3694",99.4,212.082491476782,-650.031917503196,-0.449166925557575
"3695",99.5,212.245119503672,-650.541813388541,-0.449613206430874
"3696",99.6,212.407673201452,-651.05143166277,-0.450059524003948
"3697",99.7,212.570152643484,-651.560772425396,-0.450505878387217
"3698",99.8,212.73255790308,-652.069835776035,-0.450952269690543
"3699",99.9,212.89488905349,-652.578621814519,-0.451398698023661
"3700",100,213.05714616791,-653.087130640819,-0.4518451634961
"3701",100.1,213.21932931948,-653.59536235508,-0.452291666217255
"3702",100.2,213.381438581284,-654.103317057604,-0.452738206296863
"3703",100.3,213.543474026347,-654.610994848866,-0.453184783843555
"3704",100.4,213.705435727639,-655.118395829495,-0.453631398966286
"3705",100.5,213.867323758073,-655.625520100291,-0.45407805177401
"3706",100.6,214.029138190506,-656.132367762211,-0.454524742375144
"3707",100.7,214.190879097738,-656.638938916361,-0.454971470878261
"3708",100.8,214.352546552514,-657.145233664027,-0.455418237391091
"3709",100.9,214.514140627519,-657.651252106651,-0.45586504202267
"3710",101,214.675661395382,-658.156994345843,-0.456311884880229
"3711",101.1,214.837108928677,-658.66246048335,-0.45675876607151
"3712",101.2,214.998483299921,-659.167650621092,-0.457205685704201
"3713",101.3,215.159784581574,-659.672564861147,-0.457652643885786
"3714",101.4,215.321012846037,-660.177203305749,-0.458099640723471
"3715",101.5,215.482168165656,-660.681566057298,-0.45854667632444
"3716",101.6,215.643250612721,-661.185653218332,-0.458993750795083
"3717",101.7,215.804260259462,-661.689464891578,-0.459440864242691
"3718",101.8,215.965197178056,-662.19300117988,-0.459888016773232
"3719",101.9,216.12606144062,-662.696262186263,-0.460335208493835
"3720",102,216.286853119214,-663.199248013904,-0.460782439510025
"3721",102.1,216.447572285843,-663.701958766123,-0.461229709928189
"3722",102.2,216.608219012453,-664.20439454641,-0.461677019853894
"3723",102.3,216.768793370933,-664.706555458402,-0.462124369393451
"3724",102.4,216.929295433116,-665.208441605893,-0.462571758652094
"3725",102.5,217.089725270779,-665.710053092812,-0.463019187734943
"3726",102.6,217.250082955637,-666.211390023263,-0.463466656747026
"3727",102.7,217.410368559353,-666.712452501489,-0.463914165794176
"3728",102.8,217.570582153528,-667.213240631908,-0.464361714980627
"3729",102.9,217.730723809711,-667.713754519035,-0.464809304410951
"3730",103,217.890793599389,-668.213994267596,-0.465256934190192
"3731",103.1,218.050791593996,-668.713959982421,-0.465704604422605
"3732",103.2,218.210717864903,-669.213651768537,-0.466152315211666
"3733",103.3,218.370572483428,-669.713069731068,-0.466600066661993
"3734",103.4,218.530355520833,-670.212213975311,-0.467047858877511
"3735",103.5,218.690067048316,-670.711084606725,-0.467495691961397
"3736",103.6,218.849707137023,-671.209681730894,-0.467943566017776
"3737",103.7,219.009275858042,-671.708005453554,-0.468391481149722
"3738",103.8,219.168773282402,-672.206055880597,-0.468839437460051
"3739",103.9,219.328199481074,-672.703833118051,-0.469287435051956
"3740",104,219.487554524974,-673.201337272096,-0.469735474028653
"3741",104.1,219.646838484958,-673.698568449047,-0.470183554492535
"3742",104.2,219.806051431825,-674.195526755384,-0.470631676545995
"3743",104.3,219.965193436315,-674.692212297723,-0.471079840290675
"3744",104.4,220.124264569117,-675.188625182788,-0.471528045829854
"3745",104.5,220.283264900851,-675.684765517514,-0.471976293264881
"3746",104.6,220.442194502091,-676.18063340892,-0.472424582698065
"3747",104.7,220.601053443344,-676.676228964196,-0.472872914230296
"3748",104.8,220.759841795065,-677.171552290671,-0.473321287964025
"3749",104.9,220.918559627648,-677.666603495819,-0.473769703999517
"3750",105,221.077207011433,-678.161382687227,-0.47421816243849
"3751",105.1,221.235784016698,-678.655889972654,-0.474666663381725
"3752",105.2,221.394290713663,-679.150125460003,-0.475115206930249
"3753",105.3,221.552727172496,-679.644089257278,-0.475563793184195
"3754",105.4,221.711093463301,-680.137781472662,-0.476012422244654
"3755",105.5,221.869389656127,-680.63120221445,-0.476461094211259
"3756",105.6,222.027615820964,-681.124351591095,-0.476909809184379
"3757",105.7,222.185772027745,-681.617229711167,-0.477358567263973
"3758",105.8,222.343858346343,-682.109836683407,-0.477807368550258
"3759",105.9,222.501874846577,-682.602172616643,-0.478256213141939
"3760",106,222.659821598203,-683.094237619889,-0.478705101139136
"3761",106.1,222.817698670925,-683.586031802246,-0.479154032641157
"3762",106.2,222.975506134383,-684.077555273,-0.479603007746811
"3763",106.3,223.133244058162,-684.568808141539,-0.480052026554654
"3764",106.4,223.290912511789,-685.059790517396,-0.480501089164269
"3765",106.5,223.448511564731,-685.550502510239,-0.480950195673949
"3766",106.6,223.606041286401,-686.040944229856,-0.481399346181854
"3767",106.7,223.763501746148,-686.531115786199,-0.481848540786507
"3768",106.8,223.920893013269,-687.021017289313,-0.482297779586158
"3769",106.9,224.078215156998,-687.510648849402,-0.48274706267801
"3770",107,224.235468246514,-688.000010576796,-0.483196390160283
"3771",107.1,224.392652350937,-688.489102581945,-0.483645762130811
"3772",107.2,224.549767539327,-688.977924975453,-0.484095178686801
"3773",107.3,224.706813880688,-689.466477868029,-0.484544639925469
"3774",107.4,224.863791443965,-689.954761370529,-0.484994145943816
"3775",107.5,225.020700298044,-690.442775593931,-0.485443696838804
"3776",107.6,225.177540511755,-690.930520649333,-0.485893292707157
"3777",107.7,225.334312153867,-691.417996647991,-0.486342933645575
"3778",107.8,225.491015293092,-691.905203701253,-0.486792619750199
"3779",107.9,225.647649998086,-692.392141920604,-0.487242351117992
"3780",108,225.804216337443,-692.878811417674,-0.487692127843865
"3781",108.1,225.960714379697,-693.365212304219,-0.488141950024824
"3782",108.2,226.117144193331,-693.851344692094,-0.488591817755685
"3783",108.3,226.273505846763,-694.337208693301,-0.489041731132802
"3784",108.4,226.429799408357,-694.822804419944,-0.489491690251087
"3785",108.5,226.586024946414,-695.308131984305,-0.489941695205682
"3786",108.6,226.742182529182,-695.793191498723,-0.490391746092557
"3787",108.7,226.898272224846,-696.277983075706,-0.49084184300558
"3788",108.8,227.054294101534,-696.762506827875,-0.491291986039523
"3789",108.9,227.210248227318,-697.24676286796,-0.49174217528946
"3790",109,227.36613467021,-697.730751308824,-0.492192410849677
"3791",109.1,227.521953498159,-698.214472263464,-0.492642692814097
"3792",109.2,227.677704779064,-698.697925844979,-0.493093021276679
"3793",109.3,227.83338858076,-699.181112166585,-0.493543396332301
"3794",109.4,227.989004971022,-699.664031341654,-0.493993818074073
"3795",109.5,228.144554017573,-700.146683483635,-0.494444286595009
"3796",109.6,228.300035788072,-700.629068706121,-0.494894801988949
"3797",109.7,228.455450350122,-701.111187122816,-0.495345364349336
"3798",109.8,228.610797771266,-701.593038847557,-0.495795973769043
"3799",109.9,228.766078118989,-702.07462399427,-0.49624663034055
"3800",110,228.921291460717,-702.555942677037,-0.496697334158043
"3801",110.1,229.076437863821,-703.036995010013,-0.497148085311844
"3802",110.2,229.231517395606,-703.517781107525,-0.497598883896143
"3803",110.3,229.386530123327,-703.998301083957,-0.498049730002442
"3804",110.4,229.541476114173,-704.478555053859,-0.498500623722365
"3805",110.5,229.696355435281,-704.958543131855,-0.498951565149063
"3806",110.6,229.851168153723,-705.438265432728,-0.499402554373313
"3807",110.7,230.00591433652,-705.91772207132,-0.499853591487166
"3808",110.8,230.160594050624,-706.396913162661,-0.500304676580681
"3809",110.9,230.315207362938,-706.875838821828,-0.50075580974718
"3810",111,230.469754340302,-707.354499164044,-0.50120699107631
"3811",111.1,230.624235049498,-707.832894304632,-0.501658220658789
"3812",111.2,230.77864955725,-708.311024359039,-0.502109498586264
"3813",111.3,230.932997930222,-708.78888944281,-0.502560824949407
"3814",111.4,231.087280235021,-709.266489671613,-0.503012199837665
"3815",111.5,231.241496538194,-709.743825161229,-0.503463623341393
"3816",111.6,231.395646906228,-710.220896027552,-0.503915095551523
"3817",111.7,231.549731405557,-710.697702386558,-0.504366616557502
"3818",111.8,231.703750102547,-711.17424435438,-0.504818186448228
"3819",111.9,231.857703063517,-711.650522047203,-0.505269805314452
"3820",112,232.011590354715,-712.126535581394,-0.505721473245519
"3821",112.1,232.165412042339,-712.602285073363,-0.506173190329198
"3822",112.2,232.319168192527,-713.07777063964,-0.506624956656406
"3823",112.3,232.472858871356,-713.552992396888,-0.507076772315072
"3824",112.4,232.626484144845,-714.02795046187,-0.507528637394164
"3825",112.5,232.780044078955,-714.502644951434,-0.507980551981828
"3826",112.6,232.933538739587,-714.977075982562,-0.508432516166951
"3827",112.7,233.086968192582,-715.451243672343,-0.508884530038145
"3828",112.8,233.240332503729,-715.925148137923,-0.50933659368281
"3829",112.9,233.39363173875,-716.398789496628,-0.50978870718858
"3830",113,233.546865963314,-716.872167865816,-0.510240870644395
"3831",113.1,233.700035243029,-717.345283362988,-0.510693084136161
"3832",113.2,233.853139643444,-717.818136105754,-0.511145347753269
"3833",113.3,234.006179230047,-718.290726211829,-0.511597661581518
"3834",113.4,234.159154068272,-718.763053798999,-0.512050025708624
"3835",113.5,234.312064223495,-719.235118985166,-0.512502440221196
"3836",113.6,234.464909761026,-719.706921888352,-0.512954905205771
"3837",113.7,234.617690746124,-720.178462626656,-0.513407420749932
"3838",113.8,234.770407243982,-720.64974131832,-0.513859986938851
"3839",113.9,234.923059319742,-721.120758081627,-0.5143126038605
"3840",114,235.075647038483,-721.591513034984,-0.51476527159855
"3841",114.1,235.228170465223,-722.062006296929,-0.515217990241174
"3842",114.2,235.380629664926,-722.532237986066,-0.515670759872813
"3843",114.3,235.533024702495,-723.002208221099,-0.516123580579502
"3844",114.4,235.685355642773,-723.471917120852,-0.516576452447196
"3845",114.5,235.837622550548,-723.941364804214,-0.517029375560323
"3846",114.6,235.989825490544,-724.410551390214,-0.51748235000426
"3847",114.7,236.141964527432,-724.879476997933,-0.517935375864626
"3848",114.8,236.294039725819,-725.348141746586,-0.518388453225438
"3849",114.9,236.446051150258,-725.816545755448,-0.518841582171336
"3850",115,236.597998865237,-726.284689143949,-0.519294762787508
"3851",115.1,236.749882935192,-726.752572031547,-0.519747995157354
"3852",115.2,236.901703424497,-727.22019453783,-0.520201279365512
"3853",115.3,237.053460397466,-727.687556782485,-0.520654615495863
"3854",115.4,237.205153918358,-728.154658885275,-0.521108003632556
"3855",115.5,237.356784051369,-728.621500966072,-0.521561443858289
"3856",115.6,237.50835086064,-729.088083144832,-0.5220149362579
"3857",115.7,237.65985441025,-729.554405541617,-0.522468480913573
"3858",115.8,237.811294764222,-730.020468276555,-0.522922077909029
"3859",115.9,237.962671986521,-730.486271469871,-0.523375727326909
"3860",116,238.113986141045,-730.951815241943,-0.523829429250864
"3861",116.1,238.265237291646,-731.417099713153,-0.524283183762487
"3862",116.2,238.416425502107,-731.882125004027,-0.524736990945012
"3863",116.3,238.567550836157,-732.346891235162,-0.525190850880474
"3864",116.4,238.718613357469,-732.811398527233,-0.525644763651145
"3865",116.5,238.869613129648,-733.275647001057,-0.52609872933945
"3866",116.6,239.020550216248,-733.739636777485,-0.526552748026384
"3867",116.7,239.171424680764,-734.203367977473,-0.527006819795647
"3868",116.8,239.322236586628,-734.666840722075,-0.527460944725744
"3869",116.9,239.472985997217,-735.130055132439,-0.527915122899954
"3870",117,239.623672975848,-735.59301132977,-0.528369354399366
"3871",117.1,239.774297585778,-736.055709435398,-0.528823639304729
"3872",117.2,239.924859890209,-736.518149570697,-0.529277977696831
"3873",117.3,240.07535995228,-736.980331857172,-0.529732369656563
"3874",117.4,240.225797835078,-737.44225641636,-0.530186815264783
"3875",117.5,240.376173601618,-737.903923369975,-0.530641314601969
"3876",117.6,240.526487314873,-738.365332839704,-0.531095867748383
"3877",117.7,240.676739037745,-738.826484947405,-0.53155047478369
"3878",117.8,240.826928833084,-739.287379814965,-0.532005135787553
"3879",117.9,240.977056763675,-739.748017564403,-0.53245985084051
"3880",118,241.127122892252,-740.208398317781,-0.532914620021367
"3881",118.1,241.277127281485,-740.668522197273,-0.533369443410666
"3882",118.2,241.42706999399,-741.128389325083,-0.533824321087007
"3883",118.3,241.576951092317,-741.587999823582,-0.534279253128884
"3884",118.4,241.726770638963,-742.047353815165,-0.534734239616613
"3885",118.5,241.876528696367,-742.506451422307,-0.53518928062827
"3886",118.6,242.026225326907,-742.965292767585,-0.535644376243114
"3887",118.7,242.1758605929,-743.423877973665,-0.536099526538775
"3888",118.8,242.325434556613,-743.882207163242,-0.536554731593759
"3889",118.9,242.474947280243,-744.340280459175,-0.537009991487001
"3890",119,242.624398825937,-744.798097984318,-0.537465306295033
"3891",119.1,242.773789255779,-745.255659861654,-0.537920676097479
"3892",119.2,242.923118631797,-745.712966214244,-0.538376100971548
"3893",119.3,243.072387015961,-746.170017165175,-0.538831580993074
"3894",119.4,243.221594470178,-746.626812837691,-0.539287116242059
"3895",119.5,243.370741056302,-747.083353355054,-0.539742706793927
"3896",119.6,243.519826836125,-747.539638840616,-0.540198352726214
"3897",119.7,243.66885187138,-747.995669417834,-0.540654054115847
"3898",119.8,243.817816223743,-748.451445210208,-0.541109811040013
"3899",119.9,243.966719954835,-748.906966341315,-0.54156562357409
"3900",120,244.11556312621,-749.362232934838,-0.54202149179641
"3901",120.1,244.26434579937,-749.817245114506,-0.542477415781156
"3902",120.2,244.413068035757,-750.272003004141,-0.542933395606509
"3903",120.3,244.561729896755,-750.726506727607,-0.543389431346168
"3904",120.4,244.710331443689,-751.180756408879,-0.543845523077377
"3905",120.5,244.858872737825,-751.634752171997,-0.544301670875779
"3906",120.6,245.007353840369,-752.088494141075,-0.544757874816898
"3907",120.7,245.155774812476,-752.541982440256,-0.545214134975965
"3908",120.8,245.304135715231,-752.995217193836,-0.545670451427107
"3909",120.9,245.452436609672,-753.448198526107,-0.546126824245804
"3910",121,245.600677556769,-753.900926561499,-0.546583253508633
"3911",121.1,245.748858617443,-754.353401424439,-0.547039739287085
"3912",121.2,245.896979852549,-754.805623239485,-0.547496281658519
"3913",121.3,246.045041322884,-755.257592131264,-0.547952880696657
"3914",121.4,246.193043089193,-755.709308224422,-0.548409536475008
"3915",121.5,246.340985212158,-756.160771643725,-0.548866249067779
"3916",121.6,246.488867752401,-756.611982513993,-0.549323018549182
"3917",121.7,246.636690770491,-757.062940960094,-0.549779844993921
"3918",121.8,246.784454326934,-757.513647106996,-0.550236728473186
"3919",121.9,246.932158482179,-757.96410107973,-0.550693669062918
"3920",122,247.07980329662,-758.414303003363,-0.551150666833951
"3921",122.1,247.227388830589,-758.864253003053,-0.551607721862014
"3922",122.2,247.374915144357,-759.313951204072,-0.552064834217344
"3923",122.3,247.522382298144,-759.763397731662,-0.552522003975503
"3924",122.4,247.669790352111,-760.21259271117,-0.552979231207527
"3925",122.5,247.817139366352,-760.661536268065,-0.553436515986176
"3926",122.6,247.964429400914,-761.110228527803,-0.553893858384127
"3927",122.7,248.111660515776,-761.55866961596,-0.554351258472891
"3928",122.8,248.258832770869,-762.00685965812,-0.554808716325503
"3929",122.9,248.405946226057,-762.454798779992,-0.555266232012421
"3930",123,248.553000941151,-762.902487107312,-0.55572380560744
"3931",123.1,248.6999969759,-763.349924765899,-0.55618143717987
"3932",123.2,248.846934389999,-763.797111881621,-0.55663912680209
"3933",123.3,248.993813243082,-764.244048580407,-0.557096874547313
"3934",123.4,249.140633594727,-764.69073498826,-0.55755468048284
"3935",123.5,249.287395504452,-765.137171231238,-0.55801254468241
"3936",123.6,249.434099031719,-765.583357435461,-0.558470467215898
"3937",123.7,249.58074423593,-766.029293727115,-0.558928448153429
"3938",123.8,249.727331176431,-766.474980232435,-0.559386487567554
"3939",123.9,249.873859912507,-766.920417077734,-0.559844585526233
"3940",124,250.020330503388,-767.365604389373,-0.560302742101661
"3941",124.1,250.166743008242,-767.810542293798,-0.560760957362485
"3942",124.2,250.313097486189,-768.255230917433,-0.561219231377741
"3943",124.3,250.459393996277,-768.69967038688,-0.56167756421974
"3944",124.4,250.605632597507,-769.143860828706,-0.562135955955679
"3945",124.5,250.751813348816,-769.587802369591,-0.562594406655948
"3946",124.6,250.897936309087,-770.031495136234,-0.563052916390614
"3947",124.7,251.044001537144,-770.474939255414,-0.563511485227918
"3948",124.8,251.190009091751,-770.91813485397,-0.563970113236892
"3949",124.9,251.335959031615,-771.361082058792,-0.564428800486778
"3950",125,251.481851415389,-771.803780996805,-0.56488754704474
"3951",125.1,251.627686301662,-772.24623179504,-0.565346352980516
"3952",125.2,251.773463748973,-772.688434580516,-0.565805218363133
"3953",125.3,251.919183815794,-773.130389480382,-0.56626414325953
"3954",125.4,252.064846560549,-773.572096621766,-0.566723127738469
"3955",125.5,252.210452041594,-774.013556131919,-0.567182171868367
"3956",125.6,252.356000317234,-774.454768138122,-0.567641275714393
"3957",125.7,252.501491445715,-774.895732767692,-0.568100439346989
"3958",125.8,252.646925485227,-775.336450148006,-0.568559662832078
"3959",125.9,252.792302493899,-775.776920406506,-0.569018946237478
"3960",126,252.937622529805,-776.217143670677,-0.569478289630155
"3961",126.1,253.082885650959,-776.657120068063,-0.569937693077616
"3962",126.2,253.228091915319,-777.096849726269,-0.570397156647202
"3963",126.3,253.373241380785,-777.536332772931,-0.570856680402409
"3964",126.4,253.518334105202,-777.975569335729,-0.571316264414196
"3965",126.5,253.663370146349,-778.414559542457,-0.571775908745421
"3966",126.6,253.80834956196,-778.85330352087,-0.572235613464839
"3967",126.7,253.953272409705,-779.29180139881,-0.57269537863641
"3968",126.8,254.098138747191,-779.730053304215,-0.573155204327206
"3969",126.9,254.242948631979,-780.168059365003,-0.573615090603189
"3970",127,254.387702121563,-780.605819709188,-0.574075037529209
"3971",127.1,254.532399273385,-781.043334464805,-0.574535045171721
"3972",127.2,254.677040144827,-781.480603759957,-0.574995113594933
"3973",127.3,254.821624793213,-781.917627722799,-0.575455242865293
"3974",127.4,254.966153275814,-782.354406481503,-0.575915433046307
"3975",127.5,255.11062564984,-782.790940164314,-0.576375684204531
"3976",127.6,255.255041972447,-783.227228899492,-0.576835996404221
"3977",127.7,255.399402300725,-783.66327281542,-0.577296369709526
"3978",127.8,255.543706691721,-784.099072040416,-0.577756804184281
"3979",127.9,255.687955202407,-784.534626702976,-0.578217299893728
"3980",128,255.832147889714,-784.96993693153,-0.578677856901004
"3981",128.1,255.976284810508,-785.405002854597,-0.579138475272084
"3982",128.2,256.120366021603,-785.839824600704,-0.57959915506993
"3983",128.3,256.264391579744,-786.274402298531,-0.580059896357171
"3984",128.4,256.408361541631,-786.708736076684,-0.580520699198646
"3985",128.5,256.552275963906,-787.142826063846,-0.580981563656198
"3986",128.6,256.696134903144,-787.576672388783,-0.581442489795294
"3987",128.7,256.839938415876,-788.010275180249,-0.581903477676768
"3988",128.8,256.983686558566,-788.44363456708,-0.582364527365929
"3989",128.9,257.127379387619,-788.876750678193,-0.582825638922803
"3990",129,257.2710169594,-789.309623642397,-0.583286812412523
"3991",129.1,257.414599330199,-789.742253588712,-0.583748047896613
"3992",129.2,257.558126556252,-790.174640646144,-0.584209345436927
"3993",129.3,257.701598693751,-790.606784943656,-0.584670705097294
"3994",129.4,257.845015798815,-791.038686610372,-0.585132126937934
"3995",129.5,257.988377927515,-791.470345775401,-0.58559361102286
"3996",129.6,258.131685135859,-791.901762567923,-0.586055157410367
"3997",129.7,258.274937479809,-792.332937117079,-0.586516766164903
"3998",129.8,258.418135015255,-792.763869552165,-0.586978437348316
"3999",129.9,258.561277798046,-793.194560002396,-0.587440171020942
"4000",130,258.704365883961,-793.62500859714,-0.587901967243108
"4001",130.1,258.847399328733,-794.055215465705,-0.588363826077763
"4002",130.2,258.990378188028,-794.485180737522,-0.588825747584058
"4003",130.3,259.133302517467,-794.914904541967,-0.589287731823842
"4004",130.4,259.276172372602,-795.344387008558,-0.589749778857217
"4005",130.5,259.418987808934,-795.773628266789,-0.590211888745174
"4006",130.6,259.56174888191,-796.202628446182,-0.590674061547649
"4007",130.7,259.704455646921,-796.631387676302,-0.591136297324725
"4008",130.8,259.847108159291,-797.059906086806,-0.591598596136604
"4009",130.9,259.9897064743,-797.488183807316,-0.592060958042938
"4010",131,260.132250647165,-797.916220967519,-0.592523383104078
"4011",131.1,260.274740733046,-798.344017697143,-0.592985871379953
"4012",131.2,260.417176787054,-798.771574125912,-0.593448422928453
"4013",131.3,260.559558864231,-799.198890383663,-0.593911037809599
"4014",131.4,260.701887019574,-799.625966600181,-0.594373716082684
"4015",131.5,260.844161308017,-800.052802905339,-0.594836457807517
"4016",131.6,260.986381784439,-800.479399429046,-0.595299263042361
"4017",131.7,261.128548503666,-800.905756301195,-0.595762131845077
"4018",131.8,261.270661520463,-801.331873651761,-0.596225064275241
"4019",131.9,261.41272088954,-801.757751610748,-0.5966880603907
"4020",132,261.554726665552,-802.18339030816,-0.597151120250701
"4021",132.1,261.696678903099,-802.608789874051,-0.597614243914124
"4022",132.2,261.838577656721,-803.033950438521,-0.598077431436607
"4023",132.3,261.980422980904,-803.458872131684,-0.598540682876011
"4024",132.4,262.122214930079,-803.883555083671,-0.599003998291557
"4025",132.5,262.263953558617,-804.307999424698,-0.599467377741935
"4026",132.6,262.405638920836,-804.732205284955,-0.599930821282228
"4027",132.7,262.547271070999,-805.15617279468,-0.600394328970553
"4028",132.8,262.688850063311,-805.579902084141,-0.600857900864545
"4029",132.9,262.830375951918,-806.003393283664,-0.60132153702086
"4030",133,262.971848790918,-806.426646523546,-0.601785237496938
"4031",133.1,263.113268634344,-806.849661934164,-0.602249002348335
"4032",133.2,263.254635536177,-807.272439645915,-0.602712831632192
"4033",133.3,263.395949550347,-807.694979789188,-0.603176725405725
"4034",133.4,263.537210730718,-808.117282494448,-0.603640683725023
"4035",133.5,263.678419131109,-808.539347892137,-0.604104706644048
"4036",133.6,263.819574805273,-808.961176112783,-0.604568794220938
"4037",133.7,263.960677806915,-809.382767286898,-0.605032946512958
"4038",133.8,264.101728189677,-809.804121545052,-0.605497163572814
"4039",133.9,264.242726007152,-810.225239017815,-0.605961445459153
"4040",134,264.383671312878,-810.646119835754,-0.606425792224615
"4041",134.1,264.524564160329,-811.066764129548,-0.60689020392632
"4042",134.2,264.66540460293,-811.487172029829,-0.607354680617672
"4043",134.3,264.806192694046,-811.907343667306,-0.607819222357275
"4044",134.4,264.946928486994,-812.327279172641,-0.60828382919559
"4045",134.5,265.087612035025,-812.746978676615,-0.608748501191118
"4046",134.6,265.228243391348,-813.166442309904,-0.609213238396021
"4047",134.7,265.368822609097,-813.585670203385,-0.609678040865469
"4048",134.8,265.509349741373,-814.004662487778,-0.610142908654044
"4049",134.9,265.6498248412,-814.423419293973,-0.610607841817578
"4050",135,265.790247961566,-814.841940752764,-0.611072840407202
"4051",135.1,265.930619155388,-815.260226995064,-0.611537904478069
"4052",135.2,266.07093847554,-815.678278151727,-0.612003034084538
"4053",135.3,266.211205974827,-816.096094353717,-0.612468229280496
"4054",135.4,266.351421706016,-816.513675731916,-0.61293349011766
"4055",135.5,266.4915857218,-816.931022417337,-0.613398816650696
"4056",135.6,266.631698074835,-817.3481345409,-0.613864208933347
"4057",135.7,266.771758817702,-817.765012233683,-0.61432966701825
"4058",135.8,266.911768002945,-818.181655626655,-0.614795190958812
"4059",135.9,267.051725683046,-818.598064850858,-0.615260780806308
"4060",136,267.191631910424,-819.014240037391,-0.615726436614347
"4061",136.1,267.331486737456,-819.430181317303,-0.61619215843647
"4062",136.2,267.471290216459,-819.845888821689,-0.61665794632417
"4063",136.3,267.611042399688,-820.261362681709,-0.617123800329731
"4064",136.4,267.750743339353,-820.676603028477,-0.617589720505805
"4065",136.5,267.890393087606,-821.091609993138,-0.61805570690471
"4066",136.6,268.02999169654,-821.50638370689,-0.618521759575886
"4067",136.7,268.169539218196,-821.920924300929,-0.618987878572986
"4068",136.8,268.309035704561,-822.335231906462,-0.619454063947546
"4069",136.9,268.448481207568,-822.749306654704,-0.619920315752684
"4070",137,268.587875779089,-823.163148676932,-0.620386634035428
"4071",137.1,268.727219470951,-823.576758104374,-0.620853018851682
"4072",137.2,268.866512334916,-823.990135068344,-0.621319470249055
"4073",137.3,269.0057544227,-824.403279700106,-0.621785988281313
"4074",137.4,269.144945785957,-824.816192131004,-0.622252572997584
"4075",137.5,269.28408647629,-825.22887249236,-0.622719224447902
"4076",137.6,269.42317654525,-825.641320915483,-0.62318594268364
"4077",137.7,269.562216044326,-826.053537531789,-0.62365272775624
"4078",137.8,269.701205024963,-826.465522472584,-0.624119579714388
"4079",137.9,269.840143538536,-826.877275869329,-0.624586498607391
"4080",138,269.979031636385,-827.288797853361,-0.625053484488228
"4081",138.1,270.11786936978,-827.700088556128,-0.6255205374048
"4082",138.2,270.256656789936,-828.111148109098,-0.625987657407388
"4083",138.3,270.395393948033,-828.521976643618,-0.62645484454551
"4084",138.4,270.53408089517,-828.932574291232,-0.626922098866954
"4085",138.5,270.672717682417,-829.342941183337,-0.627389420422685
"4086",138.6,270.811304360764,-829.753077451491,-0.627856809262338
"4087",138.7,270.949840981169,-830.162983227136,-0.628324265435083
"4088",138.8,271.088327594524,-830.572658641794,-0.628791788989214
"4089",138.9,271.226764251667,-830.982103827,-0.629259379971399
"4090",139,271.365151003391,-831.39131891423,-0.629727038434278
"4091",139.1,271.503487900419,-831.800304035097,-0.630194764423716
"4092",139.2,271.641774993436,-832.209059321101,-0.630662557987595
"4093",139.3,271.780012333061,-832.617584903832,-0.63113041917745
"4094",139.4,271.918199969869,-833.025880914835,-0.631598348039727
"4095",139.5,272.056337954374,-833.433947485696,-0.632066344620701
"4096",139.6,272.194426337034,-833.841784748046,-0.632534408968577
"4097",139.7,272.332465168263,-834.249392833431,-0.633002541132904
"4098",139.8,272.470454498407,-834.656771873518,-0.633470741161187
"4099",139.9,272.608394377774,-835.063921999878,-0.633939009100923
"4100",140,272.746284856604,-835.470843344179,-0.63440734499688
"4101",140.1,272.884125985091,-835.877536038039,-0.634875748898801
"4102",140.2,273.021917813377,-836.284000213091,-0.63534422085319
"4103",140.3,273.159660391542,-836.690236001015,-0.635812760905372
"4104",140.4,273.297353769619,-837.096243533458,-0.636281369104696
"4105",140.5,273.434997997585,-837.502022942089,-0.636750045498418
"4106",140.6,273.572593125363,-837.907574358591,-0.637218790129459
"4107",140.7,273.710139202823,-838.312897914638,-0.637687603046728
"4108",140.8,273.847636279782,-838.717993741922,-0.638156484295361
"4109",140.9,273.985084406004,-839.122861972125,-0.638625433923715
"4110",141,274.122483631194,-839.527502736982,-0.639094451975444
"4111",141.1,274.259834005012,-839.931916168172,-0.639563538497422
"4112",141.2,274.397135577059,-840.336102397408,-0.640032693535476
"4113",141.3,274.534388396883,-840.740061556414,-0.64050191713507
"4114",141.4,274.671592513979,-841.143793776932,-0.640971209341576
"4115",141.5,274.808747977794,-841.54729919063,-0.641440570201091
"4116",141.6,274.945854837708,-841.950577929325,-0.641909999756267
"4117",141.7,275.082913143064,-842.353630124693,-0.642379498054784
"4118",141.8,275.219922943139,-842.756455908503,-0.642849065143276
"4119",141.9,275.356884287166,-843.159055412476,-0.64331870106261
"4120",142,275.493797224319,-843.561428768377,-0.643788405862177
"4121",142.1,275.630661803724,-843.963576107931,-0.644258179580225
"4122",142.2,275.767478074442,-844.365497562942,-0.644728022265772
"4123",142.3,275.9042460855,-844.767193265104,-0.645197933962751
"4124",142.4,276.040965885853,-845.168663346229,-0.645667914715977
"4125",142.5,276.177637524417,-845.569907938043,-0.646137964566584
"4126",142.6,276.314261050046,-845.970927172329,-0.646608083560872
"4127",142.7,276.450836511546,-846.371721180842,-0.647078271742023
"4128",142.8,276.587363957667,-846.772290095361,-0.64754852915617
"4129",142.9,276.723843437111,-847.172634047627,-0.64801885584368
"4130",143,276.860274998523,-847.572753169407,-0.64848925184818
"4131",143.1,276.99665869049,-847.972647592523,-0.64895971721493
"4132",143.2,277.132994561561,-848.372317448686,-0.649430251985055
"4133",143.3,277.26928266022,-848.771762869674,-0.649900856202864
"4134",143.4,277.405523034901,-849.170983987279,-0.650371529911224
"4135",143.5,277.541715733989,-849.569980933236,-0.650842273153274
"4136",143.6,277.677860805807,-849.968753839369,-0.651313085972082
"4137",143.7,277.813958298642,-850.367302837372,-0.651783968408775
"4138",143.8,277.950008260711,-850.765628059067,-0.652254920507116
"4139",143.9,278.086010740188,-851.163729636196,-0.652725942308615
"4140",144,278.221965785192,-851.561607700531,-0.653197033857068
"4141",144.1,278.357873443792,-851.959262383823,-0.653668195190617
"4142",144.2,278.493733763998,-852.356693817852,-0.654139426355484
"4143",144.3,278.629546793782,-852.753902134319,-0.654610727393181
"4144",144.4,278.765312581048,-853.15088746502,-0.655082098341133
"4145",144.5,278.90103117365,-853.547649941721,-0.655553539246002
"4146",144.6,279.036702619393,-853.94418969618,-0.656025050148468
"4147",144.7,279.172326966042,-854.340506860059,-0.656496631086152
"4148",144.8,279.307904261287,-854.736601565175,-0.656968282104376
"4149",144.9,279.44343455278,-855.132473943248,-0.657440003240525
"4150",145,279.57891788812,-855.528124125991,-0.657911794539824
"4151",145.1,279.714354314841,-855.923552245205,-0.658383656040852
"4152",145.2,279.849743880456,-856.318758432479,-0.658855587784162
"4153",145.3,279.985086632385,-856.71374281968,-0.659327589809712
"4154",145.4,280.120382618033,-857.108505538402,-0.659799662161522
"4155",145.5,280.255631884722,-857.503046720454,-0.660271804875113
"4156",145.6,280.390834479751,-857.897366497456,-0.660744017992142
"4157",145.7,280.525990450342,-858.29146500117,-0.661216301554735
"4158",145.8,280.661099843681,-858.685342363261,-0.661688655602426
"4159",145.9,280.796162706898,-859.078998715409,-0.662161080174642
"4160",146,280.931179087069,-859.472434189308,-0.662633575308565
"4161",146.1,281.06614903122,-859.865648916636,-0.663106141048913
"4162",146.2,281.201072586327,-860.258643029039,-0.663578777431624
"4163",146.3,281.335949799311,-860.651416658188,-0.664051484495269
"4164",146.4,281.470780717043,-861.043969935745,-0.66452426228304
"4165",146.5,281.605565386344,-861.436302993343,-0.664997110830398
"4166",146.6,281.740303853982,-861.828415962611,-0.665470030176857
"4167",146.7,281.874996166675,-862.220308975167,-0.665943020362793
"4168",146.8,282.00964237108,-862.611982162699,-0.666416081427896
"4169",146.9,282.144242513825,-863.003435656716,-0.666889213406591
"4170",147,282.278796641457,-863.394669588919,-0.667362416341313
"4171",147.1,282.413304800497,-863.785684090847,-0.66783569026889
"4172",147.2,282.547767037407,-864.17647929406,-0.668309035228988
"4173",147.3,282.682183398583,-864.567055330221,-0.668782451258344
"4174",147.4,282.816553930393,-864.95741233082,-0.66925593839727
"4175",147.5,282.950878679144,-865.347550427418,-0.669729496678437
"4176",147.6,283.085157691077,-865.737469751644,-0.670203126144357
"4177",147.7,283.219391012414,-866.127170434926,-0.670676826834161
"4178",147.8,283.353578689299,-866.51665260883,-0.671150598780475
"4179",147.9,283.48772076783,-866.905916404909,-0.671624442022058
"4180",148,283.621817294064,-867.294961954625,-0.672098356598042
"4181",148.1,283.755868314001,-867.683789389463,-0.672572342544358
"4182",148.2,283.889873873584,-868.072398840949,-0.673046399901864
"4183",148.3,284.023834018719,-868.460790440494,-0.673520528700793
"4184",148.4,284.15774879525,-868.848964319585,-0.673994728981373
"4185",148.5,284.291618248974,-869.23692060966,-0.674469000782802
"4186",148.6,284.425442425631,-869.624659442186,-0.674943344139228
"4187",148.7,284.559221370923,-870.012180948546,-0.675417759086285
"4188",148.8,284.692955130489,-870.399485260183,-0.675892245662209
"4189",148.9,284.826643749928,-870.78657250845,-0.676366803901929
"4190",149,284.960287274785,-871.173442824717,-0.676841433839391
"4191",149.1,285.093885750547,-871.560096340399,-0.677316135518501
"4192",149.2,285.227439222659,-871.946533186818,-0.677790908967096
"4193",149.3,285.360947736499,-872.332753495412,-0.67826575422431
"4194",149.4,285.49441133743,-872.71875739736,-0.678740671327845
"4195",149.5,285.62783007073,-873.10454502407,-0.67921566031022
"4196",149.6,285.761203981645,-873.490116506788,-0.67969072120487
"4197",149.7,285.894533115356,-873.875471976858,-0.680165854053159
"4198",149.8,286.027817517014,-874.260611565489,-0.680641058885224
"4199",149.9,286.161057231702,-874.645535403964,-0.681116335737283
"4200",150,286.294252304464,-875.030243623494,-0.68159168464815
